1331
11 11 11
-0.005 0.005
-0.005 0.005
-0.005 0.005
-0.005 -0.005 -0.005 -0.00058921 -0.00061402 0.0001196
-0.005 -0.005 -0.004 -0.00055603 -0.00057495 0.00012716
-0.005 -0.005 -0.003 -0.00052388 -0.00053797 0.00013442
-0.005 -0.005 -0.002 -0.00049275 -0.00050309 0.0001414
-0.005 -0.005 -0.001 -0.00046265 -0.00047031 0.00014809
-0.005 -0.005 0 -0.00043357 -0.00043962 0.00015449
-0.005 -0.005 0.001 -0.00040552 -0.00041102 0.0001606
-0.005 -0.005 0.002 -0.0003785 -0.00038453 0.00016641
-0.005 -0.005 0.003 -0.0003525 -0.00036012 0.00017194
-0.005 -0.005 0.004 -0.00032753 -0.00033782 0.00017718
-0.005 -0.005 0.005 -0.00030358 -0.0003176 0.00018212
-0.005 -0.004 0.005 -0.0003258 -0.00031366 0.00020202
-0.005 -0.004 0.004 -0.00035208 -0.00033547 0.00020041
-0.005 -0.004 0.003 -0.00037988 -0.00035936 0.00019827
-0.005 -0.004 0.002 -0.0004092 -0.00038532 0.00019557
-0.005 -0.004 0.001 -0.00044005 -0.00041336 0.00019234
-0.005 -0.004 0 -0.00047242 -0.00044347 0.00018856
-0.005 -0.004 -0.001 -0.00050632 -0.00047566 0.00018424
-0.005 -0.004 -0.002 -0.00054174 -0.00050993 0.00017937
-0.005 -0.004 -0.003 -0.00057869 -0.00054627 0.00017397
-0.005 -0.004 -0.004 -0.00061716 -0.00058469 0.00016801
-0.005 -0.004 -0.005 -0.00065716 -0.00062519 0.00016152
-0.005 -0.003 -0.005 -0.0007238 -0.00062873 0.00020243
-0.005 -0.003 -0.004 -0.00067687 -0.00058753 0.00020769
-0.005 -0.003 -0.003 -0.00063202 -0.00054837 0.00021222
-0.005 -0.003 -0.002 -0.00058922 -0.00051125 0.00021601
-0.005 -0.003 -0.001 -0.00054849 -0.00047616 0.00021906
-0.005 -0.003 0 -0.00050982 -0.00044312 0.00022137
-0.005 -0.003 0.001 -0.00047321 -0.00041212 0.00022295
-0.005 -0.003 0.002 -0.00043867 -0.00038315 0.00022379
-0.005 -0.003 0.003 -0.0004062 -0.00035622 0.00022389
-0.005 -0.003 0.004 -0.00037578 -0.00033133 0.00022325
-0.005 -0.003 0.005 -0.00034743 -0.00030849 0.00022188
-0.005 -0.002 0.005 -0.00036846 -0.00030208 0.00024171
-0.005 -0.002 0.004 -0.00039864 -0.00032541 0.00024569
-0.005 -0.002 0.003 -0.00043145 -0.00035072 0.00024881
-0.005 -0.002 0.002 -0.00046691 -0.00037802 0.00025105
-0.005 -0.002 0.001 -0.00050502 -0.0004073 0.00025242
-0.005 -0.002 0 -0.00054576 -0.00043857 0.00025292
-0.005 -0.002 -0.001 -0.00058915 -0.00047182 0.00025255
-0.005 -0.002 -0.002 -0.00063518 -0.00050705 0.0002513
-0.005 -0.002 -0.003 -0.00068385 -0.00054427 0.00024918
-0.005 -0.002 -0.004 -0.00073517 -0.00058347 0.00024619
-0.005 -0.002 -0.005 -0.00078912 -0.00062465 0.00024233
-0.005 -0.001 -0.005 -0.00085314 -0.00061295 0.00028122
-0.005 -0.001 -0.004 -0.00079203 -0.0005725 0.00028351
-0.005 -0.001 -0.003 -0.0007342 -0.00053396 0.00028486
-0.005 -0.001 -0.002 -0.00067962 -0.00049733 0.00028526
-0.005 -0.001 -0.001 -0.0006283 -0.00046262 0.00028471
-0.005 -0.001 0 -0.00058025 -0.00042981 0.00028322
-0.005 -0.001 0.001 -0.00053545 -0.00039891 0.00028077
-0.005 -0.001 0.002 -0.00049392 -0.00036993 0.00027737
-0.005 -0.001 0.003 -0.00045565 -0.00034286 0.00027303
-0.005 -0.001 0.004 -0.00042064 -0.00031769 0.00026774
-0.005 -0.001 0.005 -0.0003889 -0.00029444 0.00026149
-0.005 0 0.005 -0.00040874 -0.00028557 0.00028125
-0.005 0 0.004 -0.0004418 -0.00030819 0.00028938
-0.005 0 0.003 -0.00047879 -0.00033262 0.00029655
-0.005 0 0.002 -0.0005197 -0.00035888 0.00030275
-0.005 0 0.001 -0.00056453 -0.00038695 0.00030798
-0.005 0 0 -0.00061328 -0.00041685 0.00031225
-0.005 0 -0.001 -0.00066595 -0.00044857 0.00031555
-0.005 0 -0.002 -0.00072254 -0.0004821 0.00031789
-0.005 0 -0.003 -0.00078305 -0.00051746 0.00031925
-0.005 0 -0.004 -0.00084748 -0.00055463 0.00031966
-0.005 0 -0.005 -0.00091584 -0.00059363 0.00031909
-0.005 0.001 -0.005 -0.00097723 -0.00056668 0.00035595
-0.005 0.001 -0.004 -0.00090151 -0.00052986 0.00035462
-0.005 0.001 -0.003 -0.00083042 -0.00049475 0.00035236
-0.005 0.001 -0.002 -0.00076394 -0.00046135 0.00034917
-0.005 0.001 -0.001 -0.00070209 -0.00042966 0.00034506
-0.005 0.001 0 -0.00064485 -0.00039969 0.00034003
-0.005 0.001 0.001 -0.00059224 -0.00037142 0.00033406
-0.005 0.001 0.002 -0.00054425 -0.00034487 0.00032718
-0.005 0.001 0.003 -0.00050087 -0.00032002 0.00031936
-0.005 0.001 0.004 -0.00046212 -0.00029689 0.00031063
-0.005 0.001 0.005 -0.00042798 -0.00027547 0.00030096
-0.005 0.002 0.005 -0.00044663 -0.00026414 0.00032064
-0.005 0.002 0.004 -0.00048158 -0.00028381 0.00033147
-0.005 0.002 0.003 -0.00052189 -0.00030506 0.00034148
-0.005 0.002 0.002 -0.00056756 -0.0003279 0.00035066
-0.005 0.002 0.001 -0.00061859 -0.00035232 0.00035901
-0.005 0.002 0 -0.00067498 -0.00037832 0.00036654
-0.005 0.002 -0.001 -0.00073672 -0.00040591 0.00037324
-0.005 0.002 -0.002 -0.00080383 -0.00043508 0.00037912
-0.005 0.002 -0.003 -0.00087629 -0.00046584 0.00038417
-0.005 0.002 -0.004 -0.00095412 -0.00049818 0.0003884
-0.005 0.002 -0.005 -0.0010373 -0.00053211 0.0003918
-0.005 0.003 -0.005 -0.0010961 -0.00048992 0.00042663
-0.005 0.003 -0.004 -0.0010053 -0.0004596 0.000421
-0.005 0.003 -0.003 -0.00092068 -0.00043073 0.0004147
-0.005 0.003 -0.002 -0.0008422 -0.0004033 0.00040773
-0.005 0.003 -0.001 -0.00076985 -0.0003773 0.0004001
-0.005 0.003 0 -0.00070364 -0.00035275 0.0003918
-0.005 0.003 0.001 -0.00064358 -0.00032964 0.00038283
-0.005 0.003 0.002 -0.00058964 -0.00030796 0.0003732
-0.005 0.003 0.003 -0.00054185 -0.00028773 0.00036289
-0.005 0.003 0.004 -0.0005002 -0.00026893 0.00035193
-0.005 0.003 0.005 -0.00046468 -0.00025158 0.00034029
-0.005 0.004 0.005 -0.00048214 -0.00023778 0.0003599
-0.005 0.004 0.004 -0.00051797 -0.00025227 0.00037198
-0.005 0.004 0.003 -0.00056075 -0.00026803 0.00038361
-0.005 0.004 0.002 -0.0006105 -0.00028507 0.00039479
-0.005 0.004 0.001 -0.0006672 -0.00030338 0.00040552
-0.005 0.004 0 -0.00073086 -0.00032298 0.0004158
-0.005 0.004 -0.001 -0.00080147 -0.00034385 0.00042563
-0.005 0.004 -0.002 -0.00087905 -0.000366 0.00043501
-0.005 0.004 -0.003 -0.00096358 -0.00038942 0.00044394
-0.005 0.004 -0.004 -0.0010551 -0.00041412 0.00045242
-0.005 0.004 -0.005 -0.0011535 -0.0004401 0.00046045
-0.005 0.005 -0.005 -0.0012097 -0.00038266 0.00049326
-0.005 0.005 -0.004 -0.0011034 -0.00036174 0.00048266
-0.005 0.005 -0.003 -0.001005 -0.00034191 0.00047189
-0.005 0.005 -0.002 -0.00091438 -0.00032318 0.00046095
-0.005 0.005 -0.001 -0.00083159 -0.00030554 0.00044983
-0.005 0.005 0 -0.00075662 -0.000289 0.00043854
-0.005 0.005 0.001 -0.00068946 -0.00027356 0.00042707
-0.005 0.005 0.002 -0.00063012 -0.00025921 0.00041543
-0.005 0.005 0.003 -0.00057859 -0.00024597 0.00040362
-0.005 0.005 0.004 -0.00053489 -0.00023381 0.00039163
-0.005 0.005 0.005 -0.000499 -0.00022276 0.00037947
-0.004 0.005 0.005 -0.00050888 -0.00023205 0.00042257
-0.004 0.005 0.004 -0.0005468 -0.00024583 0.00044154
-0.004 0.005 0.003 -0.00059392 -0.00026103 0.00046071
-0.004 0.005 0.002 -0.00065022 -0.00027764 0.00048011
-0.004 0.005 0.001 -0.00071572 -0.00029565 0.00049973
-0.004 0.005 0 -0.00079041 -0.00031508 0.00051956
-0.004 0.005 -0.001 -0.00087429 -0.00033591 0.00053961
-0.004 0.005 -0.002 -0.00096736 -0.00035816 0.00055988
-0.004 0.005 -0.003 -0.0010696 -0.00038181 0.00058036
-0.004 0.005 -0.004 -0.0011811 -0.00040688 0.00060107
-0.004 0.005 -0.005 -0.0013017 -0.00043335 0.00062199
-0.004 0.004 -0.005 -0.0012325 -0.00049844 0.00058119
-0.004 0.004 -0.004 -0.0011216 -0.00046587 0.00056357
-0.004 0.004 -0.003 -0.0010188 -0.00043504 0.00054589
-0.004 0.004 -0.002 -0.00092417 -0.00040597 0.00052815
-0.004 0.004 -0.001 -0.00083771 -0.00037865 0.00051033
-0.004 0.004 0 -0.00075941 -0.00035309 0.00049246
-0.004 0.004 0.001 -0.00068928 -0.00032928 0.00047451
-0.004 0.004 0.002 -0.0006273 -0.00030722 0.0004565
-0.004 0.004 0.003 -0.00057348 -0.00028692 0.00043842
-0.004 0.004 0.004 -0.00052782 -0.00026836 0.00042027
-0.004 0.004 0.005 -0.00049032 -0.00025157 0.00040206
-0.004 0.003 0.005 -0.00047136 -0.00026907 0.00038123
-0.004 0.003 0.004 -0.0005082 -0.00028842 0.00039839
-0.004 0.003 0.003 -0.00055223 -0.00030981 0.00041525
-0.004 0.003 0.002 -0.00060344 -0.00033324 0.00043181
-0.004 0.003 0.001 -0.00066184 -0.00035872 0.00044807
-0.004 0.003 0 -0.00072742 -0.00038625 0.00046402
-0.004 0.003 -0.001 -0.00080019 -0.00041581 0.00047967
-0.004 0.003 -0.002 -0.00088015 -0.00044743 0.00049502
-0.004 0.003 -0.003 -0.00096729 -0.00048108 0.00051007
-0.004 0.003 -0.004 -0.0010616 -0.00051678 0.00052481
-0.004 0.003 -0.005 -0.0011631 -0.00055453 0.00053925
-0.004 0.002 -0.005 -0.0010936 -0.00060161 0.00049619
-0.004 0.002 -0.004 -0.0010012 -0.00055963 0.00048478
-0.004 0.002 -0.003 -0.00091512 -0.00051994 0.00047289
-0.004 0.002 -0.002 -0.00083529 -0.00048253 0.0004605
-0.004 0.002 -0.001 -0.00076173 -0.0004474 0.00044763
-0.004 0.002 0 -0.00069443 -0.00041455 0.00043426
-0.004 0.002 0.001 -0.00063341 -0.00038399 0.0004204
-0.004 0.002 0.002 -0.00057866 -0.00035571 0.00040606
-0.004 0.002 0.003 -0.00053017 -0.00032971 0.00039122
-0.004 0.002 0.004 -0.00048796 -0.000306 0.00037589
-0.004 0.002 0.005 -0.00045201 -0.00028456 0.00036008
-0.004 0.001 0.005 -0.00043226 -0.00029804 0.0003386
-0.004 0.001 0.004 -0.00046708 -0.0003211 0.00035277
-0.004 0.001 0.003 -0.00050731 -0.00034662 0.00036632
-0.004 0.001 0.002 -0.00055294 -0.00037461 0.00037923
-0.004 0.001 0.001 -0.00060399 -0.00040507 0.00039152
-0.004 0.001 0 -0.00066045 -0.000438 0.00040317
-0.004 0.001 -0.001 -0.00072232 -0.0004734 0.00041419
-0.004 0.001 -0.002 -0.0007896 -0.00051127 0.00042459
-0.004 0.001 -0.003 -0.00086229 -0.0005516 0.00043435
-0.004 0.001 -0.004 -0.00094038 -0.00059441 0.00044349
-0.004 0.001 -0.005 -0.0010239 -0.00063968 0.00045199
-0.004 0 -0.005 -0.00095404 -0.00066875 0.00040666
-0.004 0 -0.004 -0.00087911 -0.00062112 0.00040092
-0.004 0 -0.003 -0.00080878 -0.00057608 0.00039446
-0.004 0 -0.002 -0.00074307 -0.00053366 0.00038728
-0.004 0 -0.001 -0.00068196 -0.00049383 0.00037938
-0.004 0 0 -0.00062547 -0.0004566 0.00037075
-0.004 0 0.001 -0.00057358 -0.00042198 0.0003614
-0.004 0 0.002 -0.0005263 -0.00038996 0.00035134
-0.004 0 0.003 -0.00048363 -0.00036054 0.00034055
-0.004 0 0.004 -0.00044557 -0.00033372 0.00032904
-0.004 0 0.005 -0.00041212 -0.0003095 0.0003168
-0.004 -0.001 0.005 -0.00039158 -0.00031895 0.00029469
-0.004 -0.001 0.004 -0.00042343 -0.00034386 0.00030468
-0.004 -0.001 0.003 -0.00045915 -0.00037146 0.00031391
-0.004 -0.001 0.002 -0.00049873 -0.00040174 0.00032237
-0.004 -0.001 0.001 -0.00054217 -0.0004347 0.00033007
-0.004 -0.001 0 -0.00058949 -0.00047035 0.000337
-0.004 -0.001 -0.001 -0.00064066 -0.00050868 0.00034317
-0.004 -0.001 -0.002 -0.00069571 -0.00054969 0.00034858
-0.004 -0.001 -0.003 -0.00075462 -0.00059338 0.00035321
-0.004 -0.001 -0.004 -0.00081739 -0.00063975 0.00035709
-0.004 -0.001 -0.005 -0.00088403 -0.00068881 0.0003602
-0.004 -0.002 -0.005 -0.00081387 -0.00069987 0.0003126
-0.004 -0.002 -0.004 -0.00075523 -0.00065032 0.00031199
-0.004 -0.002 -0.003 -0.00069978 -0.00060349 0.00031061
-0.004 -0.002 -0.002 -0.00064751 -0.00055936 0.00030848
-0.004 -0.002 -0.001 -0.00059842 -0.00051795 0.00030558
-0.004 -0.002 0 -0.00055251 -0.00047924 0.00030193
-0.004 -0.002 0.001 -0.00050978 -0.00044325 0.00029751
-0.004 -0.002 0.002 -0.00047023 -0.00040997 0.00029234
-0.004 -0.002 0.003 -0.00043385 -0.00037939 0.0002864
-0.004 -0.002 0.004 -0.00040066 -0.00035153 0.0002797
-0.004 -0.002 0.005 -0.00037065 -0.00032638 0.00027225
-0.004 -0.003 0.005 -0.00034932 -0.0003318 0.00024949
-0.004 -0.003 0.004 -0.00037726 -0.00035672 0.00025411
-0.004 -0.003 0.003 -0.00040775 -0.00038433 0.00025802
-0.004 -0.003 0.002 -0.00044079 -0.00041463 0.00026123
-0.004 -0.003 0.001 -0.00047639 -0.00044761 0.00026373
-0.004 -0.003 0 -0.00051453 -0.00048328 0.00026552
-0.004 -0.003 -0.001 -0.00055523 -0.00052164 0.00026661
-0.004 -0.003 -0.002 -0.00059848 -0.00056268 0.00026698
-0.004 -0.003 -0.003 -0.00064428 -0.00060641 0.00026665
-0.004 -0.003 -0.004 -0.00069264 -0.00065282 0.00026561
-0.004 -0.003 -0.005 -0.00074354 -0.00070192 0.00026387
-0.004 -0.004 -0.005 -0.00067306 -0.00069497 0.00021401
-0.004 -0.004 -0.004 -0.00062959 -0.00064725 0.00021798
-0.004 -0.004 -0.003 -0.00058811 -0.00060214 0.00022134
-0.004 -0.004 -0.002 -0.00054862 -0.00055964 0.00022409
-0.004 -0.004 -0.001 -0.0005111 -0.00051975 0.00022624
-0.004 -0.004 0 -0.00047556 -0.00048247 0.00022779
-0.004 -0.004 0.001 -0.00044201 -0.0004478 0.00022872
-0.004 -0.004 0.002 -0.00041043 -0.00041574 0.00022905
-0.004 -0.004 0.003 -0.00038084 -0.00038628 0.00022878
-0.004 -0.004 0.004 -0.00035323 -0.00035944 0.00022789
-0.004 -0.004 0.005 -0.0003276 -0.0003352 0.00022641
-0.004 -0.005 0.005 -0.00030548 -0.00033659 0.000203
-0.004 -0.005 0.004 -0.00032857 -0.00035967 0.00020106
-0.004 -0.005 0.003 -0.00035312 -0.00038524 0.00019866
-0.004 -0.005 0.002 -0.00037914 -0.00041328 0.00019581
-0.004 -0.005 0.001 -0.00040663 -0.0004438 0.00019249
-0.004 -0.005 0 -0.00043559 -0.00047681 0.00018872
-0.004 -0.005 -0.001 -0.00046602 -0.00051229 0.0001845
-0.004 -0.005 -0.002 -0.00049792 -0.00055025 0.00017981
-0.004 -0.005 -0.003 -0.00053128 -0.00059069 0.00017467
-0.004 -0.005 -0.004 -0.00056611 -0.00063361 0.00016907
-0.004 -0.005 -0.005 -0.00060241 -0.00067901 0.00016301
-0.003 -0.005 -0.005 -0.00060672 -0.0007419 0.00020373
-0.003 -0.005 -0.004 -0.0005685 -0.00069023 0.00020848
-0.003 -0.005 -0.003 -0.00053205 -0.00064145 0.0002126
-0.003 -0.005 -0.002 -0.00049739 -0.00059556 0.0002161
-0.003 -0.005 -0.001 -0.0004645 -0.00055256 0.00021897
-0.003 -0.005 0 -0.00043339 -0.00051245 0.00022122
-0.003 -0.005 0.001 -0.00040407 -0.00047523 0.00022285
-0.003 -0.005 0.002 -0.00037652 -0.0004409 0.00022385
-0.003 -0.005 0.003 -0.00035075 -0.00040946 0.00022422
-0.003 -0.005 0.004 -0.00032675 -0.0003809 0.00022397
-0.003 -0.005 0.005 -0.00030454 -0.00035524 0.0002231
-0.003 -0.004 0.005 -0.00032641 -0.00035613 0.00024983
-0.003 -0.004 0.004 -0.00035129 -0.00038262 0.00025424
-0.003 -0.004 0.003 -0.00037848 -0.00041227 0.00025798
-0.003 -0.004 0.002 -0.00040797 -0.0004451 0.00026104
-0.003 -0.004 0.001 -0.00043977 -0.0004811 0.00026344
-0.003 -0.004 0 -0.00047387 -0.00052027 0.00026517
-0.003 -0.004 -0.001 -0.00051029 -0.00056261 0.00026624
-0.003 -0.004 -0.002 -0.000549 -0.00060812 0.00026663
-0.003 -0.004 -0.003 -0.00059003 -0.0006568 0.00026635
-0.003 -0.004 -0.004 -0.00063336 -0.00070865 0.00026541
-0.003 -0.004 -0.005 -0.000679 -0.00076368 0.00026379
-0.003 -0.003 -0.005 -0.0007523 -0.00077513 0.00032286
-0.003 -0.003 -0.004 -0.00069879 -0.00071789 0.00032119
-0.003 -0.003 -0.003 -0.00064819 -0.00066402 0.00031886
-0.003 -0.003 -0.002 -0.0006005 -0.00061352 0.00031585
-0.003 -0.003 -0.001 -0.00055571 -0.00056639 0.00031218
-0.003 -0.003 0 -0.00051384 -0.00052262 0.00030783
-0.003 -0.003 0.001 -0.00047487 -0.00048223 0.00030281
-0.003 -0.003 0.002 -0.00043881 -0.0004452 0.00029712
-0.003 -0.003 0.003 -0.00040566 -0.00041154 0.00029076
-0.003 -0.003 0.004 -0.00037542 -0.00038126 0.00028373
-0.003 -0.003 0.005 -0.00034808 -0.00035434 0.00027603
-0.003 -0.002 0.005 -0.00036955 -0.00034987 0.0003017
-0.003 -0.002 0.004 -0.00039913 -0.00037683 0.00031245
-0.003 -0.002 0.003 -0.00043229 -0.00040727 0.00032258
-0.003 -0.002 0.002 -0.00046903 -0.0004412 0.00033208
-0.003 -0.002 0.001 -0.00050936 -0.00047861 0.00034095
-0.003 -0.002 0 -0.00055328 -0.00051951 0.00034918
-0.003 -0.002 -0.001 -0.00060078 -0.00056389 0.00035679
-0.003 -0.002 -0.002 -0.00065187 -0.00061176 0.00036377
-0.003 -0.002 -0.003 -0.00070653 -0.00066311 0.00037012
-0.003 -0.002 -0.004 -0.00076479 -0.00071794 0.00037584
-0.003 -0.002 -0.005 -0.00082663 -0.00077626 0.00038093
-0.003 -0.001 -0.005 -0.00090197 -0.00076708 0.00043801
-0.003 -0.001 -0.004 -0.00083135 -0.00070881 0.00042935
-0.003 -0.001 -0.003 -0.00076506 -0.00065406 0.00042014
-0.003 -0.001 -0.002 -0.00070311 -0.00060284 0.00041038
-0.003 -0.001 -0.001 -0.00064549 -0.00055512 0.00040009
-0.003 -0.001 0 -0.00059221 -0.00051093 0.00038924
-0.003 -0.001 0.001 -0.00054326 -0.00047025 0.00037785
-0.003 -0.001 0.002 -0.00049864 -0.00043309 0.00036592
-0.003 -0.001 0.003 -0.00045836 -0.00039945 0.00035344
-0.003 -0.001 0.004 -0.00042242 -0.00036932 0.00034041
-0.003 -0.001 0.005 -0.00039081 -0.00034271 0.00032684
-0.003 0 0.005 -0.00041187 -0.00033288 0.00035145
-0.003 0 0.004 -0.0004453 -0.00035875 0.00036759
-0.003 0 0.003 -0.00048389 -0.00038808 0.00038332
-0.003 0 0.002 -0.00052764 -0.00042088 0.00039863
-0.003 0 0.001 -0.00057655 -0.00045715 0.00041352
-0.003 0 0 -0.00063061 -0.00049688 0.000428
-0.003 0 -0.001 -0.00068984 -0.00054008 0.00044205
-0.003 0 -0.002 -0.00075423 -0.00058675 0.00045569
-0.003 0 -0.003 -0.00082377 -0.00063689 0.00046891
-0.003 0 -0.004 -0.00089848 -0.00069049 0.00048171
-0.003 0 -0.005 -0.00097835 -0.00074757 0.0004941
-0.003 0.001 -0.005 -0.0010557 -0.00071774 0.00054919
-0.003 0.001 -0.004 -0.00096618 -0.00066299 0.00053294
-0.003 0.001 -0.003 -0.00088267 -0.00061158 0.00051644
-0.003 0.001 -0.002 -0.00080522 -0.00056351 0.00049969
-0.003 0.001 -0.001 -0.00073383 -0.00051877 0.0004827
-0.003 0.001 0 -0.0006685 -0.00047737 0.00046546
-0.003 0.001 0.001 -0.00060923 -0.0004393 0.00044797
-0.003 0.001 0.002 -0.00055602 -0.00040456 0.00043023
-0.003 0.001 0.003 -0.00050886 -0.00037316 0.00041224
-0.003 0.001 0.004 -0.00046776 -0.0003451 0.00039401
-0.003 0.001 0.005 -0.00043272 -0.00032037 0.00037553
-0.003 0.002 0.005 -0.00045337 -0.00030517 0.00039908
-0.003 0.002 0.004 -0.00048981 -0.00032838 0.00041966
-0.003 0.002 0.003 -0.00053328 -0.0003547 0.0004402
-0.003 0.002 0.002 -0.00058378 -0.00038414 0.0004607
-0.003 0.002 0.001 -0.00064131 -0.00041671 0.00048118
-0.003 0.002 0 -0.00070587 -0.00045239 0.00050162
-0.003 0.002 -0.001 -0.00077747 -0.00049119 0.00052202
-0.003 0.002 -0.002 -0.00085609 -0.00053311 0.00054239
-0.003 0.002 -0.003 -0.00094175 -0.00057815 0.00056273
-0.003 0.002 -0.004 -0.0010344 -0.00062631 0.00058303
-0.003 0.002 -0.005 -0.0011342 -0.00067758 0.0006033
-0.003 0.003 -0.005 -0.0012136 -0.00062711 0.00065641
-0.003 0.003 -0.004 -0.0011033 -0.00058044 0.00063198
-0.003 0.003 -0.003 -0.001001 -0.00053658 0.00060777
-0.003 0.003 -0.002 -0.00090684 -0.00049555 0.00058378
-0.003 0.003 -0.001 -0.00082074 -0.00045733 0.00056002
-0.003 0.003 0 -0.00074272 -0.00042194 0.00053648
-0.003 0.003 0.001 -0.00067279 -0.00038937 0.00051316
-0.003 0.003 0.002 -0.00061093 -0.00035962 0.00049006
-0.003 0.003 0.003 -0.00055715 -0.00033269 0.00046719
-0.003 0.003 0.004 -0.00051144 -0.00030858 0.00044454
-0.003 0.003 0.005 -0.00047382 -0.0002873 0.00042211
-0.003 0.004 0.005 -0.00049407 -0.00026674 0.0004446
-0.003 0.004 0.004 -0.00053266 -0.00028572 0.00046864
-0.003 0.004 0.003 -0.00058046 -0.00030714 0.00049321
-0.003 0.004 0.002 -0.00063746 -0.000331 0.0005183
-0.003 0.004 0.001 -0.00070366 -0.00035729 0.0005439
-0.003 0.004 0 -0.00077906 -0.00038603 0.00057004
-0.003 0.004 -0.001 -0.00086366 -0.00041721 0.00059669
-0.003 0.004 -0.002 -0.00095746 -0.00045083 0.00062387
-0.003 0.004 -0.003 -0.0010605 -0.00048688 0.00065156
-0.003 0.004 -0.004 -0.0011727 -0.00052538 0.00067979
-0.003 0.004 -0.005 -0.0012941 -0.00056632 0.00070853
-0.003 0.005 -0.005 -0.0013755 -0.0004952 0.00075966
-0.003 0.005 -0.004 -0.0012426 -0.00046114 0.00072645
-0.003 0.005 -0.003 -0.0011201 -0.00042905 0.00069412
-0.003 0.005 -0.002 -0.001008 -0.00039894 0.00066265
-0.003 0.005 -0.001 -0.00090621 -0.00037081 0.00063204
-0.003 0.005 0 -0.00081487 -0.00034465 0.0006023
-0.003 0.005 0.001 -0.00073393 -0.00032047 0.00057342
-0.003 0.005 0.002 -0.00066338 -0.00029826 0.00054541
-0.003 0.005 0.003 -0.00060323 -0.00027804 0.00051826
-0.003 0.005 0.004 -0.00055347 -0.00025978 0.00049198
-0.003 0.005 0.005 -0.00051411 -0.00024351 0.00046657
-0.002 0.005 0.005 -0.00051468 -0.00025714 0.00051145
-0.002 0.005 0.004 -0.00055488 -0.00027566 0.00054297
-0.002 0.005 0.003 -0.00060652 -0.00029698 0.00057627
-0.002 0.005 0.002 -0.00066959 -0.0003211 0.00061133
-0.002 0.005 0.001 -0.00074409 -0.00034801 0.00064816
-0.002 0.005 0 -0.00083001 -0.00037772 0.00068676
-0.002 0.005 -0.001 -0.00092737 -0.00041022 0.00072712
-0.002 0.005 -0.002 -0.0010362 -0.00044553 0.00076926
-0.002 0.005 -0.003 -0.0011564 -0.00048362 0.00081316
-0.002 0.005 -0.004 -0.001288 -0.00052452 0.00085883
-0.002 0.005 -0.005 -0.0014311 -0.00056821 0.00090627
-0.002 0.004 -0.005 -0.0013382 -0.00064372 0.00084248
-0.002 0.004 -0.004 -0.0012083 -0.00059266 0.00080106
-0.002 0.004 -0.003 -0.0010886 -0.00054494 0.00076095
-0.002 0.004 -0.002 -0.00097891 -0.00050056 0.00072217
-0.002 0.004 -0.001 -0.00087931 -0.00045951 0.0006847
-0.002 0.004 0 -0.00078979 -0.0004218 0.00064854
-0.002 0.004 0.001 -0.00071035 -0.00038743 0.00061371
-0.002 0.004 0.002 -0.00064099 -0.00035639 0.00058018
-0.002 0.004 0.003 -0.00058171 -0.0003287 0.00054798
-0.002 0.004 0.004 -0.0005325 -0.00030433 0.00051709
-0.002 0.004 0.005 -0.00049338 -0.00028331 0.00048752
-0.002 0.003 0.005 -0.00047206 -0.00030625 0.00046292
-0.002 0.003 0.004 -0.00050992 -0.00032943 0.00049035
-0.002 0.003 0.003 -0.0005566 -0.00035638 0.00051869
-0.002 0.003 0.002 -0.0006121 -0.0003871 0.00054794
-0.002 0.003 0.001 -0.00067642 -0.00042158 0.0005781
-0.002 0.003 0 -0.00074955 -0.00045984 0.00060916
-0.002 0.003 -0.001 -0.0008315 -0.00050186 0.00064113
-0.002 0.003 -0.002 -0.00092227 -0.00054766 0.00067401
-0.002 0.003 -0.003 -0.0010219 -0.00059723 0.0007078
-0.002 0.003 -0.004 -0.0011303 -0.00065056 0.00074249
-0.002 0.003 -0.005 -0.0012475 -0.00070767 0.00077809
-0.002 0.002 -0.005 -0.001159 -0.00076004 0.00071312
-0.002 0.002 -0.004 -0.0010538 -0.00069821 0.00068313
-0.002 0.002 -0.003 -0.00095618 -0.00064048 0.00065369
-0.002 0.002 -0.002 -0.00086624 -0.00058683 0.00062478
-0.002 0.002 -0.001 -0.00078394 -0.00053729 0.00059642
-0.002 0.002 0 -0.00070929 -0.00049183 0.00056861
-0.002 0.002 0.001 -0.00064229 -0.00045047 0.00054133
-0.002 0.002 0.002 -0.00058293 -0.0004132 0.0005146
-0.002 0.002 0.003 -0.00053121 -0.00038003 0.00048841
-0.002 0.002 0.004 -0.00048714 -0.00035095 0.00046277
-0.002 0.002 0.005 -0.00045072 -0.00032597 0.00043767
-0.002 0.001 0.005 -0.00042936 -0.00034245 0.00041175
-0.002 0.001 0.004 -0.00046416 -0.0003689 0.00043434
-0.002 0.001 0.003 -0.00050553 -0.00039966 0.00045714
-0.002 0.001 0.002 -0.00055346 -0.00043472 0.00048017
-0.002 0.001 0.001 -0.00060796 -0.0004741 0.00050341
-0.002 0.001 0 -0.00066901 -0.00051778 0.00052688
-0.002 0.001 -0.001 -0.00073664 -0.00056577 0.00055058
-0.002 0.001 -0.002 -0.00081082 -0.00061808 0.00057449
-0.002 0.001 -0.003 -0.00089157 -0.00067469 0.00059862
-0.002 0.001 -0.004 -0.00097888 -0.00073561 0.00062298
-0.002 0.001 -0.005 -0.0010728 -0.00080084 0.00064756
-0.002 0 -0.005 -0.00098875 -0.00083008 0.0005814
-0.002 0 -0.004 -0.0009056 -0.00076277 0.00056203
-0.002 0 -0.003 -0.00082802 -0.00069987 0.00054261
-0.002 0 -0.002 -0.00075602 -0.00064139 0.00052312
-0.002 0 -0.001 -0.00068958 -0.00058733 0.00050359
-0.002 0 0 -0.00062872 -0.00053769 0.00048399
-0.002 0 0.001 -0.00057343 -0.00049246 0.00046434
-0.002 0 0.002 -0.00052371 -0.00045165 0.00044464
-0.002 0 0.003 -0.00047956 -0.00041525 0.00042487
-0.002 0 0.004 -0.00044098 -0.00038327 0.00040506
-0.002 0 0.005 -0.00040798 -0.00035571 0.00038518
-0.002 -0.001 0.005 -0.00038657 -0.00036574 0.00035795
-0.002 -0.001 0.004 -0.0004176 -0.00039407 0.00037492
-0.002 -0.001 0.003 -0.0004533 -0.00042682 0.00039161
-0.002 -0.001 0.002 -0.00049367 -0.00046398 0.00040801
-0.002 -0.001 0.001 -0.0005387 -0.00050555 0.00042411
-0.002 -0.001 0 -0.00058841 -0.00055155 0.00043993
-0.002 -0.001 -0.001 -0.00064278 -0.00060196 0.00045545
-0.002 -0.001 -0.002 -0.00070182 -0.00065678 0.00047069
-0.002 -0.001 -0.003 -0.00076553 -0.00071602 0.00048564
-0.002 -0.001 -0.004 -0.00083391 -0.00077967 0.00050029
-0.002 -0.001 -0.005 -0.00090696 -0.00084774 0.00051466
-0.002 -0.002 -0.005 -0.00082741 -0.00085384 0.00044732
-0.002 -0.002 -0.004 -0.00076383 -0.00078633 0.00043776
-0.002 -0.002 -0.003 -0.00070411 -0.00072313 0.00042771
-0.002 -0.002 -0.002 -0.00064824 -0.00066424 0.00041719
-0.002 -0.002 -0.001 -0.00059623 -0.00060965 0.00040618
-0.002 -0.002 0 -0.00054808 -0.00055936 0.0003947
-0.002 -0.002 0.001 -0.00050378 -0.00051339 0.00038273
-0.002 -0.002 0.002 -0.00046334 -0.00047172 0.00037028
-0.002 -0.002 0.003 -0.00042675 -0.00043435 0.00035735
-0.002 -0.002 0.004 -0.00039402 -0.00040129 0.00034395
-0.002 -0.002 0.005 -0.00036515 -0.00037254 0.00033006
-0.002 -0.003 0.005 -0.00034371 -0.00037611 0.00030151
-0.002 -0.003 0.004 -0.00037025 -0.00040494 0.00031212
-0.002 -0.003 0.003 -0.00039992 -0.00043786 0.0003221
-0.002 -0.003 0.002 -0.00043272 -0.00047486 0.00033146
-0.002 -0.003 0.001 -0.00046866 -0.00051596 0.00034019
-0.002 -0.003 0 -0.00050773 -0.00056114 0.00034829
-0.002 -0.003 -0.001 -0.00054993 -0.00061041 0.00035577
-0.002 -0.003 -0.002 -0.00059527 -0.00066376 0.00036262
-0.002 -0.003 -0.003 -0.00064374 -0.00072121 0.00036884
-0.002 -0.003 -0.004 -0.00069534 -0.00078274 0.00037443
-0.002 -0.003 -0.005 -0.00075008 -0.00084836 0.00037939
-0.002 -0.004 -0.005 -0.00067499 -0.00083132 0.00031088
-0.002 -0.004 -0.004 -0.00062846 -0.0007689 0.00031031
-0.002 -0.004 -0.003 -0.00058443 -0.00071025 0.00030901
-0.002 -0.004 -0.002 -0.00054291 -0.00065536 0.00030698
-0.002 -0.004 -0.001 -0.00050388 -0.00060423 0.00030422
-0.002 -0.004 0 -0.00046736 -0.00055687 0.00030072
-0.002 -0.004 0.001 -0.00043333 -0.00051326 0.0002965
-0.002 -0.004 0.002 -0.00040181 -0.00047342 0.00029154
-0.002 -0.004 0.003 -0.00037279 -0.00043733 0.00028586
-0.002 -0.004 0.004 -0.00034627 -0.00040501 0.00027944
-0.002 -0.004 0.005 -0.00032225 -0.00037645 0.00027229
-0.002 -0.005 0.005 -0.00030076 -0.00037357 0.00024242
-0.002 -0.005 0.004 -0.00032209 -0.00040151 0.00024592
-0.002 -0.005 0.003 -0.00034537 -0.00043278 0.00024862
-0.002 -0.005 0.002 -0.00037062 -0.00046738 0.00025053
-0.002 -0.005 0.001 -0.00039782 -0.0005053 0.00025165
-0.002 -0.005 0 -0.00042697 -0.00054655 0.00025198
-0.002 -0.005 -0.001 -0.00045809 -0.00059113 0.00025152
-0.002 -0.005 -0.002 -0.00049116 -0.00063903 0.00025027
-0.002 -0.005 -0.003 -0.00052619 -0.00069026 0.00024823
-0.002 -0.005 -0.004 -0.00056318 -0.00074482 0.00024539
-0.002 -0.005 -0.005 -0.00060212 -0.0008027 0.00024177
-0.001 -0.005 -0.005 -0.00058863 -0.00086141 0.00027711
-0.001 -0.005 -0.004 -0.00055016 -0.00079737 0.00027981
-0.001 -0.005 -0.003 -0.0005137 -0.00073712 0.00028154
-0.001 -0.005 -0.002 -0.00047924 -0.00068066 0.00028232
-0.001 -0.005 -0.001 -0.00044678 -0.00062799 0.00028214
-0.001 -0.005 0 -0.00041633 -0.00057911 0.000281
-0.001 -0.005 0.001 -0.00038789 -0.00053402 0.00027891
-0.001 -0.005 0.002 -0.00036144 -0.00049272 0.00027586
-0.001 -0.005 0.003 -0.00033701 -0.00045521 0.00027185
-0.001 -0.005 0.004 -0.00031457 -0.0004215 0.00026689
-0.001 -0.005 0.005 -0.00029414 -0.00039157 0.00026097
-0.001 -0.004 0.005 -0.0003151 -0.00039617 0.0002938
-0.001 -0.004 0.004 -0.00033815 -0.00042663 0.00030351
-0.001 -0.004 0.003 -0.00036377 -0.00046146 0.00031243
-0.001 -0.004 0.002 -0.00039196 -0.00050068 0.00032055
-0.001 -0.004 0.001 -0.0004227 -0.00054428 0.00032789
-0.001 -0.004 0 -0.00045602 -0.00059226 0.00033443
-0.001 -0.004 -0.001 -0.00049189 -0.00064462 0.00034018
-0.001 -0.004 -0.002 -0.00053033 -0.00070137 0.00034514
-0.001 -0.004 -0.003 -0.00057133 -0.00076249 0.00034931
-0.001 -0.004 -0.004 -0.00061489 -0.000828 0.00035268
-0.001 -0.004 -0.005 -0.00066102 -0.00089789 0.00035526
-0.001 -0.003 -0.005 -0.00073688 -0.00092161 0.00043348
-0.001 -0.003 -0.004 -0.00068229 -0.00084737 0.00042533
-0.001 -0.003 -0.003 -0.00063093 -0.00077797 0.00041659
-0.001 -0.003 -0.002 -0.00058279 -0.00071341 0.00040728
-0.001 -0.003 -0.001 -0.00053788 -0.0006537 0.00039738
-0.001 -0.003 0 -0.0004962 -0.00059883 0.00038692
-0.001 -0.003 0.001 -0.00045775 -0.0005488 0.00037587
-0.001 -0.003 0.002 -0.00042252 -0.00050361 0.00036425
-0.001 -0.003 0.003 -0.00039052 -0.00046327 0.00035205
-0.001 -0.003 0.004 -0.00036175 -0.00042777 0.00033927
-0.001 -0.003 0.005 -0.0003362 -0.00039711 0.00032592
-0.001 -0.002 0.005 -0.00035746 -0.0003944 0.00035733
-0.001 -0.002 0.004 -0.00038536 -0.00042493 0.00037418
-0.001 -0.002 0.003 -0.00041725 -0.00046064 0.00039072
-0.001 -0.002 0.002 -0.00045314 -0.00050152 0.00040695
-0.001 -0.002 0.001 -0.00049302 -0.00054758 0.00042286
-0.001 -0.002 0 -0.00053689 -0.00059881 0.00043846
-0.001 -0.002 -0.001 -0.00058476 -0.00065522 0.00045375
-0.001 -0.002 -0.002 -0.00063663 -0.0007168 0.00046873
-0.001 -0.002 -0.003 -0.00069249 -0.00078355 0.00048339
-0.001 -0.002 -0.004 -0.00075235 -0.00085548 0.00049774
-0.001 -0.002 -0.005 -0.0008162 -0.00093259 0.00051178
-0.001 -0.001 -0.005 -0.00089899 -0.00093081 0.00059014
-0.001 -0.001 -0.004 -0.00082507 -0.00085234 0.00056992
-0.001 -0.001 -0.003 -0.00075603 -0.00077924 0.00054971
-0.001 -0.001 -0.002 -0.00069185 -0.00071152 0.00052949
-0.001 -0.001 -0.001 -0.00063253 -0.00064917 0.00050928
-0.001 -0.001 0 -0.00057809 -0.00059221 0.00048907
-0.001 -0.001 0.001 -0.00052851 -0.00054062 0.00046886
-0.001 -0.001 0.002 -0.0004838 -0.0004944 0.00044864
-0.001 -0.001 0.003 -0.00044396 -0.00045357 0.00042844
-0.001 -0.001 0.004 -0.00040898 -0.00041811 0.00040823
-0.001 -0.001 0.005 -0.00037888 -0.00038802 0.00038802
-0.001 0 0.005 -0.00040045 -0.00037799 0.000418
-0.001 0 0.004 -0.00043263 -0.0004073 0.00044142
-0.001 0 0.003 -0.00047065 -0.00044205 0.0004652
-0.001 0 0.002 -0.00051452 -0.00048226 0.00048934
-0.001 0 0.001 -0.00056423 -0.00052791 0.00051386
-0.001 0 0 -0.00061979 -0.00057902 0.00053873
-0.001 0 -0.001 -0.00068119 -0.00063557 0.00056397
-0.001 0 -0.002 -0.00074843 -0.00069758 0.00058957
-0.001 0 -0.003 -0.00082153 -0.00076503 0.00061554
-0.001 0 -0.004 -0.00090046 -0.00083793 0.00064188
-0.001 0 -0.005 -0.00098524 -0.00091629 0.00066858
-0.001 0.001 -0.005 -0.001075 -0.00088901 0.00074708
-0.001 0.001 -0.004 -0.00097851 -0.00081227 0.0007136
-0.001 0.001 -0.003 -0.00088899 -0.00074092 0.0006809
-0.001 0.001 -0.002 -0.0008064 -0.00067497 0.00064897
-0.001 0.001 -0.001 -0.00073073 -0.00061441 0.00061782
-0.001 0.001 0 -0.00066199 -0.00055924 0.00058745
-0.001 0.001 0.001 -0.00060017 -0.00050947 0.00055786
-0.001 0.001 0.002 -0.00054528 -0.00046509 0.00052905
-0.001 0.001 0.003 -0.00049732 -0.0004261 0.00050101
-0.001 0.001 0.004 -0.00045628 -0.0003925 0.00047375
-0.001 0.001 0.005 -0.00042217 -0.0003643 0.00044727
-0.001 0.002 0.005 -0.00044405 -0.00034695 0.00047583
-0.001 0.002 0.004 -0.00047995 -0.00037372 0.00050523
-0.001 0.002 0.003 -0.00052397 -0.0004057 0.00053587
-0.001 0.002 0.002 -0.0005761 -0.00044289 0.00056775
-0.001 0.002 0.001 -0.00063634 -0.00048528 0.00060087
-0.001 0.002 0 -0.00070469 -0.00053288 0.00063523
-0.001 0.002 -0.001 -0.00078116 -0.00058569 0.00067084
-0.001 0.002 -0.002 -0.00086573 -0.0006437 0.00070768
-0.001 0.002 -0.003 -0.00095842 -0.00070692 0.00074577
-0.001 0.002 -0.004 -0.0010592 -0.00077534 0.00078509
-0.001 0.002 -0.005 -0.0011681 -0.00084898 0.00082566
-0.001 0.003 -0.005 -0.0012648 -0.00079619 0.00090431
-0.001 0.003 -0.004 -0.0011426 -0.00072716 0.00085635
-0.001 0.003 -0.003 -0.0010298 -0.00066302 0.00081015
-0.001 0.003 -0.002 -0.00092644 -0.00060377 0.00076571
-0.001 0.003 -0.001 -0.00083247 -0.0005494 0.00072302
-0.001 0.003 0 -0.0007479 -0.00049993 0.00068208
-0.001 0.003 0.001 -0.00067273 -0.00045535 0.00064289
-0.001 0.003 0.002 -0.00060696 -0.00041566 0.00060545
-0.001 0.003 0.003 -0.0005506 -0.00038087 0.00056977
-0.001 0.003 0.004 -0.00050364 -0.00035096 0.00053585
-0.001 0.003 0.005 -0.00046608 -0.00032594 0.00050367
-0.001 0.004 0.005 -0.00048826 -0.00030127 0.0005308
-0.001 0.004 0.004 -0.00052734 -0.00032421 0.00056561
-0.001 0.004 0.003 -0.00057721 -0.00035159 0.00060273
-0.001 0.004 0.002 -0.00063788 -0.00038341 0.00064216
-0.001 0.004 0.001 -0.00070935 -0.00041968 0.00068391
-0.001 0.004 0 -0.00079161 -0.0004604 0.00072798
-0.001 0.004 -0.001 -0.00088467 -0.00050556 0.00077436
-0.001 0.004 -0.002 -0.00098853 -0.00055517 0.00082305
-0.001 0.004 -0.003 -0.0011032 -0.00060922 0.00087406
-0.001 0.004 -0.004 -0.0012286 -0.00066772 0.00092739
-0.001 0.004 -0.005 -0.0013649 -0.00073066 0.00098303
-0.001 0.005 -0.005 -0.0014685 -0.00065238 0.0010618
-0.001 0.005 -0.004 -0.0013173 -0.00059702 0.00099819
-0.001 0.005 -0.003 -0.0011785 -0.00054553 0.00093748
-0.001 0.005 -0.002 -0.001052 -0.00049791 0.00087971
-0.001 0.005 -0.001 -0.00093776 -0.00045416 0.00082486
-0.001 0.005 0 -0.00083583 -0.00041428 0.00077293
-0.001 0.005 0.001 -0.00074619 -0.00037827 0.00072394
-0.001 0.005 0.002 -0.00066885 -0.00034614 0.00067787
-0.001 0.005 0.003 -0.0006038 -0.00031787 0.00063473
-0.001 0.005 0.004 -0.00055105 -0.00029347 0.00059451
-0.001 0.005 0.005 -0.0005106 -0.00027295 0.00055722
0 0.005 0.005 -0.00050186 -0.00029093 0.00060388
0 0.005 0.004 -0.00054197 -0.00031321 0.00064659
0 0.005 0.003 -0.00059507 -0.0003407 0.00069364
0 0.005 0.002 -0.00066116 -0.00037338 0.00074503
0 0.005 0.001 -0.00074024 -0.00041126 0.00080076
0 0.005 0 -0.00083232 -0.00045434 0.00086083
0 0.005 -0.001 -0.00093738 -0.00050262 0.00092524
0 0.005 -0.002 -0.0010554 -0.00055609 0.000994
0 0.005 -0.003 -0.0011865 -0.00061476 0.0010671
0 0.005 -0.004 -0.0013305 -0.00067863 0.0011445
0 0.005 -0.005 -0.0014875 -0.0007477 0.0012263
0 0.004 -0.005 -0.0013742 -0.00082713 0.0011302
0 0.004 -0.004 -0.0012335 -0.00075054 0.0010588
0 0.004 -0.003 -0.0011042 -0.00067972 0.00099088
0 0.004 -0.002 -0.00098632 -0.00061466 0.00092651
0 0.004 -0.001 -0.00087974 -0.00055536 0.00086566
0 0.004 0 -0.00078452 -0.00050183 0.00080833
0 0.004 0.001 -0.00070065 -0.00045406 0.00075452
0 0.004 0.002 -0.00062814 -0.00041206 0.00070423
0 0.004 0.003 -0.00056698 -0.00037582 0.00065745
0 0.004 0.004 -0.00051717 -0.00034534 0.0006142
0 0.004 0.005 -0.00047871 -0.00032063 0.00057447
0 0.003 0.005 -0.00045587 -0.00034636 0.00054436
0 0.003 0.004 -0.00049259 -0.00037317 0.00058101
0 0.003 0.003 -0.00053914 -0.00040616 0.00062043
0 0.003 0.002 -0.00059552 -0.00044533 0.0006626
0 0.003 0.001 -0.00066173 -0.00049069 0.00070753
0 0.003 0 -0.00073777 -0.00054223 0.00075522
0 0.003 -0.001 -0.00082365 -0.00059995 0.00080567
0 0.003 -0.002 -0.00091936 -0.00066386 0.00085888
0 0.003 -0.003 -0.0010249 -0.00073396 0.00091484
0 0.003 -0.004 -0.0011403 -0.00081023 0.00097357
0 0.003 -0.005 -0.0012655 -0.00089269 0.001035
0 0.002 -0.005 -0.0011615 -0.00094439 0.00094091
0 0.002 -0.004 -0.0010508 -0.00085771 0.00088891
0 0.002 -0.003 -0.00094847 -0.00077748 0.00083897
0 0.002 -0.002 -0.00085457 -0.00070371 0.00079109
0 0.002 -0.001 -0.00076911 -0.00063639 0.00074526
0 0.002 0 -0.00069207 -0.00057554 0.0007015
0 0.002 0.001 -0.00062347 -0.00052114 0.00065979
0 0.002 0.002 -0.00056329 -0.0004732 0.00062015
0 0.002 0.003 -0.00051155 -0.00043171 0.00058256
0 0.002 0.004 -0.00046824 -0.00039669 0.00054703
0 0.002 0.005 -0.00043336 -0.00036812 0.00051356
0 0.001 0.005 -0.00041116 -0.00038591 0.00048208
0 0.001 0.004 -0.00044412 -0.00041591 0.00051225
0 0.001 0.003 -0.00048422 -0.00045249 0.00054385
0 0.001 0.002 -0.00053148 -0.00049566 0.00057687
0 0.001 0.001 -0.00058587 -0.00054541 0.0006113
0 0.001 0 -0.00064742 -0.00060175 0.00064716
0 0.001 -0.001 -0.00071611 -0.00066468 0.00068444
0 0.001 -0.002 -0.00079194 -0.00073418 0.00072314
0 0.001 -0.003 -0.00087493 -0.00081028 0.00076326
0 0.001 -0.004 -0.00096505 -0.00089296 0.0008048
0 0.001 -0.005 -0.0010623 -0.00098222 0.00084777
0 0 -0.005 -0.00096784 -0.0010062 0.00075562
0 0 -0.004 -0.00088307 -0.00091599 0.00072125
0 0 -0.003 -0.00080429 -0.00083236 0.00068772
0 0 -0.002 -0.00073148 -0.0007553 0.00065504
0 0 -0.001 -0.00066466 -0.0006848 0.00062321
0 0 0 -0.00060381 -0.00062088 0.00059221
0 0 0.001 -0.00054894 -0.00056351 0.00056207
0 0 0.002 -0.00050006 -0.00051272 0.00053276
0 0 0.003 -0.00045715 -0.00046849 0.0005043
0 0 0.004 -0.00042023 -0.00043082 0.00047668
0 0 0.005 -0.00038928 -0.00039973 0.00044991
0 -0.001 0.005 -0.00036772 -0.00040957 0.00041705
0 -0.001 0.004 -0.00039656 -0.00044143 0.00044031
0 -0.001 0.003 -0.00043034 -0.0004797 0.00046391
0 -0.001 0.002 -0.00046904 -0.00052437 0.00048783
0 -0.001 0.001 -0.00051268 -0.00057544 0.00051208
0 -0.001 0 -0.00056125 -0.00063291 0.00053665
0 -0.001 -0.001 -0.00061475 -0.00069678 0.00056156
0 -0.001 -0.002 -0.00067318 -0.00076705 0.00058679
0 -0.001 -0.003 -0.00073654 -0.00084373 0.00061235
0 -0.001 -0.004 -0.00080484 -0.00092681 0.00063824
0 -0.001 -0.005 -0.00087807 -0.0010163 0.00066446
0 -0.002 -0.005 -0.00079302 -0.0010125 0.00057429
0 -0.002 -0.004 -0.00073036 -0.0009254 0.00055579
0 -0.002 -0.003 -0.0006717 -0.00084438 0.00053715
0 -0.002 -0.002 -0.00061704 -0.00076944 0.00051839
0 -0.002 -0.001 -0.00056639 -0.0007006 0.0004995
0 -0.002 0 -0.00051973 -0.00063785 0.00048048
0 -0.002 0.001 -0.00047708 -0.00058119 0.00046134
0 -0.002 0.002 -0.00043843 -0.00053061 0.00044207
0 -0.002 0.003 -0.00040378 -0.00048613 0.00042267
0 -0.002 0.004 -0.00037313 -0.00044774 0.00040315
0 -0.002 0.005 -0.00034648 -0.00041545 0.0003835
0 -0.003 0.005 -0.00032556 -0.00041735 0.00034927
0 -0.003 0.004 -0.00034993 -0.00044975 0.00036519
0 -0.003 0.003 -0.00037748 -0.00048779 0.0003806
0 -0.003 0.002 -0.00040822 -0.00053146 0.00039548
0 -0.003 0.001 -0.00044215 -0.00058076 0.00040985
0 -0.003 0 -0.00047927 -0.0006357 0.0004237
0 -0.003 -0.001 -0.00051957 -0.00069627 0.00043702
0 -0.003 -0.002 -0.00056307 -0.00076247 0.00044983
0 -0.003 -0.003 -0.00060976 -0.00083431 0.00046211
0 -0.003 -0.004 -0.00065963 -0.00091178 0.00047388
0 -0.003 -0.005 -0.0007127 -0.00099489 0.00048513
0 -0.004 -0.005 -0.0006371 -0.00096339 0.00039695
0 -0.004 -0.004 -0.00059266 -0.00088594 0.00039252
0 -0.004 -0.003 -0.00055071 -0.00081352 0.00038725
0 -0.004 -0.002 -0.00051126 -0.00074614 0.00038112
0 -0.004 -0.001 -0.00047431 -0.00068378 0.00037413
0 -0.004 0 -0.00043984 -0.00062645 0.0003663
0 -0.004 0.001 -0.00040788 -0.00057416 0.00035761
0 -0.004 0.002 -0.00037841 -0.00052689 0.00034807
0 -0.004 0.003 -0.00035143 -0.00048466 0.00033768
0 -0.004 0.004 -0.00032695 -0.00044745 0.00032644
0 -0.004 0.005 -0.00030496 -0.00041528 0.00031434
0 -0.005 0.005 -0.00028468 -0.00040924 0.00027873
0 -0.005 0.004 -0.0003042 -0.00044085 0.00028689
0 -0.005 0.003 -0.00032564 -0.00047675 0.00029392
0 -0.005 0.002 -0.000349 -0.00051693 0.00029984
0 -0.005 0.001 -0.00037427 -0.00056138 0.00030462
0 -0.005 0 -0.00040147 -0.00061012 0.00030829
0 -0.005 -0.001 -0.00043058 -0.00066314 0.00031083
0 -0.005 -0.002 -0.00046162 -0.00072044 0.00031225
0 -0.005 -0.003 -0.00049457 -0.00078202 0.00031255
0 -0.005 -0.004 -0.00052944 -0.00084788 0.00031172
0 -0.005 -0.005 -0.00056623 -0.00091803 0.00030977
0.001 -0.005 -0.005 -0.00053494 -0.00097255 0.00033973
0.001 -0.005 -0.004 -0.00050102 -0.00089636 0.00034113
0.001 -0.005 -0.003 -0.00046881 -0.00082497 0.00034124
0.001 -0.005 -0.002 -0.0004383 -0.00075838 0.00034006
0.001 -0.005 -0.001 -0.00040949 -0.00069659 0.00033759
0.001 -0.005 0 -0.00038239 -0.00063959 0.00033384
0.001 -0.005 0.001 -0.00035698 -0.00058739 0.00032879
0.001 -0.005 0.002 -0.00033328 -0.00053999 0.00032246
0.001 -0.005 0.003 -0.00031128 -0.00049739 0.00031483
0.001 -0.005 0.004 -0.00029098 -0.00045959 0.00030592
0.001 -0.005 0.005 -0.00027238 -0.00042659 0.00029572
0.001 -0.004 0.005 -0.00029185 -0.00043378 0.00033393
0.001 -0.004 0.004 -0.00031266 -0.0004675 0.00034823
0.001 -0.004 0.003 -0.00033576 -0.00050692 0.00036162
0.001 -0.004 0.002 -0.00036116 -0.00055206 0.0003741
0.001 -0.004 0.001 -0.00038886 -0.0006029 0.00038567
0.001 -0.004 0 -0.00041885 -0.00065945 0.00039633
0.001 -0.004 -0.001 -0.00045113 -0.0007217 0.00040607
0.001 -0.004 -0.002 -0.00048571 -0.00078967 0.0004149
0.001 -0.004 -0.003 -0.00052259 -0.00086335 0.00042283
0.001 -0.004 -0.004 -0.00056176 -0.00094273 0.00042984
0.001 -0.004 -0.005 -0.00060323 -0.0010278 0.00043594
0.001 -0.003 -0.005 -0.00067754 -0.0010682 0.00053432
0.001 -0.003 -0.004 -0.00062737 -0.00097597 0.00052009
0.001 -0.003 -0.003 -0.00058023 -0.00089022 0.00050541
0.001 -0.003 -0.002 -0.00053611 -0.00081094 0.00049027
0.001 -0.003 -0.001 -0.000495 -0.00073811 0.00047468
0.001 -0.003 0 -0.00045692 -0.00067174 0.00045863
0.001 -0.003 0.001 -0.00042185 -0.00061184 0.00044213
0.001 -0.003 0.002 -0.00038981 -0.00055839 0.00042517
0.001 -0.003 0.003 -0.00036078 -0.0005114 0.00040775
0.001 -0.003 0.004 -0.00033478 -0.00047088 0.00038988
0.001 -0.003 0.005 -0.00031179 -0.00043681 0.00037155
0.001 -0.002 0.005 -0.00033221 -0.00043568 0.00040859
0.001 -0.002 0.004 -0.00035734 -0.00046973 0.00043086
0.001 -0.002 0.003 -0.00038634 -0.00051083 0.00045322
0.001 -0.002 0.002 -0.00041922 -0.00055899 0.00047565
0.001 -0.002 0.001 -0.00045597 -0.00061421 0.00049816
0.001 -0.002 0 -0.0004966 -0.00067648 0.00052075
0.001 -0.002 -0.001 -0.0005411 -0.0007458 0.00054342
0.001 -0.002 -0.002 -0.00058948 -0.00082217 0.00056617
0.001 -0.002 -0.003 -0.00064173 -0.00090561 0.00058899
0.001 -0.002 -0.004 -0.00069785 -0.00099609 0.00061189
0.001 -0.002 -0.005 -0.00075786 -0.0010936 0.00063488
0.001 -0.001 -0.005 -0.00084419 -0.0011042 0.00073761
0.001 -0.001 -0.004 -0.00077321 -0.0010031 0.00070525
0.001 -0.001 -0.003 -0.00070709 -0.00090949 0.00067357
0.001 -0.001 -0.002 -0.00064583 -0.00082338 0.00064259
0.001 -0.001 -0.001 -0.00058943 -0.00074477 0.00061229
0.001 -0.001 0 -0.00053789 -0.00067365 0.00058269
0.001 -0.001 0.001 -0.00049121 -0.00061001 0.00055378
0.001 -0.001 0.002 -0.0004494 -0.00055387 0.00052556
0.001 -0.001 0.003 -0.00041244 -0.00050522 0.00049803
0.001 -0.001 0.004 -0.00038034 -0.00046405 0.00047119
0.001 -0.001 0.005 -0.0003531 -0.00043038 0.00044504
0.001 0 0.005 -0.00037448 -0.00042091 0.0004809
0.001 0 0.004 -0.00040379 -0.00045385 0.00051085
0.001 0 0.003 -0.00043907 -0.00049455 0.00054218
0.001 0 0.002 -0.00048034 -0.00054302 0.00057488
0.001 0 0.001 -0.00052758 -0.00059926 0.00060897
0.001 0 0 -0.00058079 -0.00066326 0.00064444
0.001 0 -0.001 -0.00063999 -0.00073503 0.0006813
0.001 0 -0.002 -0.00070516 -0.00081457 0.00071953
0.001 0 -0.003 -0.0007763 -0.00090187 0.00075915
0.001 0 -0.004 -0.00085343 -0.00099694 0.00080014
0.001 0 -0.005 -0.00093653 -0.0010998 0.00084252
0.001 0.001 -0.005 -0.0010349 -0.0010805 0.00094961
0.001 0.001 -0.004 -0.00093852 -0.00097768 0.00089659
0.001 0.001 -0.003 -0.00084938 -0.00088276 0.00084572
0.001 0.001 -0.002 -0.00076747 -0.00079572 0.000797
0.001 0.001 -0.001 -0.00069278 -0.00071657 0.00075043
0.001 0.001 0 -0.00062531 -0.00064531 0.00070601
0.001 0.001 0.001 -0.00056506 -0.00058193 0.00066375
0.001 0.001 0.002 -0.00051204 -0.00052644 0.00062363
0.001 0.001 0.003 -0.00046625 -0.00047883 0.00058566
0.001 0.001 0.004 -0.00042767 -0.00043911 0.00054985
0.001 0.001 0.005 -0.00039632 -0.00040728 0.00051618
0.001 0.002 0.005 -0.00041865 -0.00038948 0.00055088
0.001 0.002 0.004 -0.000452 -0.00041985 0.00058818
0.001 0.002 0.003 -0.00049396 -0.00045806 0.00062849
0.001 0.002 0.002 -0.00054452 -0.00050413 0.00067179
0.001 0.002 0.001 -0.00060368 -0.00055804 0.0007181
0.001 0.002 0 -0.00067143 -0.0006198 0.0007674
0.001 0.002 -0.001 -0.00074779 -0.0006894 0.0008197
0.001 0.002 -0.002 -0.00083275 -0.00076685 0.000875
0.001 0.002 -0.003 -0.00092632 -0.00085215 0.00093329
0.001 0.002 -0.004 -0.0010285 -0.00094529 0.00099459
0.001 0.002 -0.005 -0.0011392 -0.0010463 0.0010589
0.001 0.003 -0.005 -0.0012496 -0.00099717 0.0011703
0.001 0.003 -0.004 -0.0011233 -0.00089978 0.0010941
0.001 0.003 -0.003 -0.0010071 -0.00081004 0.0010219
0.001 0.003 -0.002 -0.00090102 -0.00072795 0.00095352
0.001 0.003 -0.001 -0.00080504 -0.00065351 0.0008891
0.001 0.003 0 -0.00071917 -0.00058672 0.0008286
0.001 0.003 0.001 -0.00064341 -0.00052758 0.00077203
0.001 0.003 0.002 -0.00057776 -0.00047609 0.00071938
0.001 0.003 0.003 -0.00052221 -0.00043225 0.00067066
0.001 0.003 0.004 -0.00047677 -0.00039605 0.00062586
0.001 0.003 0.005 -0.00044145 -0.00036751 0.00058498
0.001 0.004 0.005 -0.00046472 -0.00034138 0.0006185
0.001 0.004 0.004 -0.00050199 -0.00036773 0.00066287
0.001 0.004 0.003 -0.000551 -0.00040138 0.00071216
0.001 0.004 0.002 -0.00061176 -0.00044232 0.00076638
0.001 0.004 0.001 -0.00068427 -0.00049056 0.00082554
0.001 0.004 0 -0.00076852 -0.00054609 0.00088962
0.001 0.004 -0.001 -0.00086452 -0.00060891 0.00095862
0.001 0.004 -0.002 -0.00097227 -0.00067903 0.0010326
0.001 0.004 -0.003 -0.0010918 -0.00075644 0.0011114
0.001 0.004 -0.004 -0.001223 -0.00084114 0.0011952
0.001 0.004 -0.005 -0.001366 -0.00093313 0.0012839
0.001 0.005 -0.005 -0.0014884 -0.00085419 0.0013997
0.001 0.005 -0.004 -0.0013276 -0.00076937 0.0012979
0.001 0.005 -0.003 -0.0011803 -0.00069133 0.001202
0.001 0.005 -0.002 -0.0010465 -0.00062007 0.0011121
0.001 0.005 -0.001 -0.00092623 -0.00055559 0.0010283
0.001 0.005 0 -0.00081948 -0.00049789 0.00095045
0.001 0.005 0.001 -0.00072624 -0.00044697 0.00087862
0.001 0.005 0.002 -0.00064653 -0.00040283 0.00081281
0.001 0.005 0.003 -0.00058033 -0.00036547 0.00075301
0.001 0.005 0.004 -0.00052764 -0.00033488 0.00069922
0.001 0.005 0.005 -0.00048848 -0.00031108 0.00065144
0.002 0.005 0.005 -0.00047043 -0.00033341 0.00069988
0.002 0.005 0.004 -0.00050807 -0.00035848 0.00075239
0.002 0.005 0.003 -0.00055957 -0.00039218 0.00081283
0.002 0.005 0.002 -0.00062495 -0.00043448 0.00088121
0.002 0.005 0.001 -0.00070419 -0.00048541 0.00095753
0.002 0.005 0 -0.00079731 -0.00054494 0.0010418
0.002 0.005 -0.001 -0.00090431 -0.00061309 0.001134
0.002 0.005 -0.002 -0.0010252 -0.00068986 0.0012341
0.002 0.005 -0.003 -0.0011599 -0.00077523 0.0013422
0.002 0.005 -0.004 -0.0013085 -0.00086923 0.0014582
0.002 0.005 -0.005 -0.001471 -0.00097183 0.0015821
0.002 0.004 -0.005 -0.0013404 -0.0010487 0.0014443
0.002 0.004 -0.004 -0.0011971 -0.0009395 0.0013367
0.002 0.004 -0.003 -0.0010657 -0.00083937 0.0012357
0.002 0.004 -0.002 -0.00094639 -0.00074827 0.0011412
0.002 0.004 -0.001 -0.00083901 -0.00066621 0.0010532
0.002 0.004 0 -0.0007436 -0.00059318 0.00097182
0.002 0.004 0.001 -0.00066018 -0.00052918 0.00089696
0.002 0.004 0.002 -0.00058874 -0.00047421 0.00082863
0.002 0.004 0.003 -0.00052928 -0.00042828 0.00076685
0.002 0.004 0.004 -0.0004818 -0.00039138 0.00071161
0.002 0.004 0.005 -0.0004463 -0.00036352 0.00066291
0.002 0.003 0.005 -0.0004228 -0.00038939 0.00062554
0.002 0.003 0.004 -0.0004562 -0.00041962 0.00067037
0.002 0.003 0.003 -0.00049983 -0.00045914 0.00072046
0.002 0.003 0.002 -0.00055368 -0.00050795 0.00077579
0.002 0.003 0.001 -0.00061777 -0.00056604 0.00083637
0.002 0.003 0 -0.00069209 -0.00063342 0.00090221
0.002 0.003 -0.001 -0.00077664 -0.00071008 0.00097329
0.002 0.003 -0.002 -0.00087142 -0.00079604 0.0010496
0.002 0.003 -0.003 -0.00097644 -0.00089127 0.0011312
0.002 0.003 -0.004 -0.0010917 -0.0009958 0.001218
0.002 0.003 -0.005 -0.0012172 -0.0011096 0.0013101
0.002 0.002 -0.005 -0.0011012 -0.0011547 0.0011796
0.002 0.002 -0.004 -0.00099228 -0.0010381 0.0011021
0.002 0.002 -0.003 -0.00089197 -0.00093094 0.0010287
0.002 0.002 -0.002 -0.00080028 -0.00083314 0.00095941
0.002 0.002 -0.001 -0.00071722 -0.00074471 0.00089414
0.002 0.002 0 -0.00064278 -0.00066566 0.00083293
0.002 0.002 0.001 -0.00057696 -0.00059599 0.00077578
0.002 0.002 0.002 -0.00051976 -0.00053568 0.00072269
0.002 0.002 0.003 -0.00047119 -0.00048475 0.00067366
0.002 0.002 0.004 -0.00043125 -0.0004432 0.00062868
0.002 0.002 0.005 -0.00039992 -0.00041102 0.00058776
0.002 0.001 0.005 -0.00037766 -0.0004284 0.00054958
0.002 0.001 0.004 -0.00040695 -0.00046211 0.00058653
0.002 0.001 0.003 -0.00044339 -0.00050512 0.00062645
0.002 0.001 0.002 -0.00048699 -0.00055742 0.00066933
0.002 0.001 0.001 -0.00053774 -0.00061902 0.00071519
0.002 0.001 0 -0.00059566 -0.00068991 0.00076401
0.002 0.001 -0.001 -0.00066073 -0.0007701 0.00081579
0.002 0.001 -0.002 -0.00073296 -0.00085959 0.00087055
0.002 0.001 -0.003 -0.00081235 -0.00095837 0.00092827
0.002 0.001 -0.004 -0.0008989 -0.0010664 0.00098896
0.002 0.001 -0.005 -0.0009926 -0.0011838 0.0010526
0.002 0 -0.005 -0.00089131 -0.0011971 0.0009293
0.002 0 -0.004 -0.00081153 -0.0010808 0.00087857
0.002 0 -0.003 -0.00073758 -0.00097356 0.00082981
0.002 0 -0.002 -0.00066946 -0.00087538 0.00078304
0.002 0 -0.001 -0.00060718 -0.00078625 0.00073824
0.002 0 0 -0.00055074 -0.00070617 0.00069542
0.002 0 0.001 -0.00050013 -0.00063514 0.00065458
0.002 0 0.002 -0.00045535 -0.00057317 0.00061571
0.002 0 0.003 -0.00041641 -0.00052024 0.00057883
0.002 0 0.004 -0.0003833 -0.00047637 0.00054392
0.002 0 0.005 -0.00035603 -0.00044154 0.00051099
0.002 -0.001 0.005 -0.00033503 -0.00045044 0.00047199
0.002 -0.001 0.004 -0.00036032 -0.00048596 0.00050085
0.002 -0.001 0.003 -0.00039026 -0.00053011 0.0005308
0.002 -0.001 0.002 -0.00042486 -0.00058291 0.00056183
0.002 -0.001 0.001 -0.00046411 -0.00064435 0.00059396
0.002 -0.001 0 -0.00050801 -0.00071443 0.00062718
0.002 -0.001 -0.001 -0.00055657 -0.00079315 0.00066148
0.002 -0.001 -0.002 -0.00060979 -0.00088051 0.00069688
0.002 -0.001 -0.003 -0.00066765 -0.00097651 0.00073336
0.002 -0.001 -0.004 -0.00073017 -0.0010812 0.00077094
0.002 -0.001 -0.005 -0.00079735 -0.0011944 0.0008096
0.002 -0.002 -0.005 -0.00071071 -0.0011759 0.00069352
0.002 -0.002 -0.004 -0.00065483 -0.0010675 0.00066607
0.002 -0.002 -0.003 -0.00060257 -0.00096723 0.00063892
0.002 -0.002 -0.002 -0.00055393 -0.00087499 0.00061207
0.002 -0.002 -0.001 -0.0005089 -0.00079081 0.00058552
0.002 -0.002 0 -0.00046749 -0.00071469 0.00055928
0.002 -0.002 0.001 -0.00042969 -0.00064664 0.00053334
0.002 -0.002 0.002 -0.0003955 -0.00058666 0.0005077
0.002 -0.002 0.003 -0.00036493 -0.00053474 0.00048236
0.002 -0.002 0.004 -0.00033798 -0.00049089 0.00045732
0.002 -0.002 0.005 -0.00031464 -0.0004551 0.00043258
0.002 -0.003 0.005 -0.00029489 -0.00045551 0.00039277
0.002 -0.003 0.004 -0.0003163 -0.00049115 0.00041333
0.002 -0.003 0.003 -0.00034044 -0.00053412 0.00043351
0.002 -0.003 0.002 -0.00036729 -0.00058441 0.0004533
0.002 -0.003 0.001 -0.00039686 -0.00064203 0.0004727
0.002 -0.003 0 -0.00042915 -0.00070696 0.00049172
0.002 -0.003 -0.001 -0.00046417 -0.00077922 0.00051036
0.002 -0.003 -0.002 -0.00050189 -0.00085881 0.00052861
0.002 -0.003 -0.003 -0.00054234 -0.00094571 0.00054648
0.002 -0.003 -0.004 -0.00058551 -0.0010399 0.00056396
0.002 -0.003 -0.005 -0.00063139 -0.0011415 0.00058106
0.002 -0.004 -0.005 -0.0005594 -0.0010912 0.00047222
0.002 -0.004 -0.004 -0.0005222 -0.00099836 0.00046462
0.002 -0.004 -0.003 -0.00048696 -0.00091196 0.00045605
0.002 -0.004 -0.002 -0.00045368 -0.00083197 0.00044651
0.002 -0.004 -0.001 -0.00042237 -0.0007584 0.000436
0.002 -0.004 0 -0.00039302 -0.00069124 0.00042451
0.002 -0.004 0.001 -0.00036564 -0.00063049 0.00041206
0.002 -0.004 0.002 -0.00034022 -0.00057617 0.00039864
0.002 -0.004 0.003 -0.00031677 -0.00052826 0.00038425
0.002 -0.004 0.004 -0.00029528 -0.00048676 0.00036889
0.002 -0.004 0.005 -0.00027575 -0.00045168 0.00035255
0.002 -0.005 0.005 -0.00025724 -0.0004436 0.00031193
0.002 -0.005 0.004 -0.00027491 -0.0004777 0.00032398
0.002 -0.005 0.003 -0.00029392 -0.00051714 0.00033458
0.002 -0.005 0.002 -0.00031429 -0.00056193 0.00034372
0.002 -0.005 0.001 -0.00033601 -0.00061205 0.00035141
0.002 -0.005 0 -0.00035908 -0.00066752 0.00035765
0.002 -0.005 -0.001 -0.00038351 -0.00072832 0.00036243
0.002 -0.005 -0.002 -0.00040929 -0.00079448 0.00036575
0.002 -0.005 -0.003 -0.00043642 -0.00086597 0.00036763
0.002 -0.005 -0.004 -0.0004649 -0.0009428 0.00036804
0.002 -0.005 -0.005 -0.00049474 -0.001025 0.00036701
0.003 -0.005 -0.005 -0.00044564 -0.0010753 0.00039159
0.003 -0.005 -0.004 -0.00042108 -0.00098721 0.00039246
0.003 -0.005 -0.003 -0.0003974 -0.00090501 0.0003917
0.003 -0.005 -0.002 -0.00037458 -0.00082873 0.00038933
0.003 -0.005 -0.001 -0.00035264 -0.00075836 0.00038533
0.003 -0.005 0 -0.00033156 -0.0006939 0.00037972
0.003 -0.005 0.001 -0.00031136 -0.00063535 0.00037249
0.003 -0.005 0.002 -0.00029203 -0.00058272 0.00036363
0.003 -0.005 0.003 -0.00027357 -0.000536 0.00035316
0.003 -0.005 0.004 -0.00025598 -0.00049519 0.00034107
0.003 -0.005 0.005 -0.00023926 -0.00046029 0.00032736
0.003 -0.004 0.005 -0.00025667 -0.00046897 0.00037022
0.003 -0.004 0.004 -0.00027481 -0.00050524 0.0003884
0.003 -0.004 0.003 -0.00029444 -0.00054866 0.00040556
0.003 -0.004 0.002 -0.00031558 -0.00059923 0.00042169
0.003 -0.004 0.001 -0.00033822 -0.00065695 0.00043679
0.003 -0.004 0 -0.00036237 -0.00072183 0.00045086
0.003 -0.004 -0.001 -0.00038802 -0.00079385 0.00046391
0.003 -0.004 -0.002 -0.00041516 -0.00087303 0.00047592
0.003 -0.004 -0.003 -0.00044381 -0.00095936 0.00048691
0.003 -0.004 -0.004 -0.00047397 -0.0010528 0.00049688
0.003 -0.004 -0.005 -0.00050562 -0.0011535 0.00050581
0.003 -0.003 -0.005 -0.00057427 -0.0012148 0.00062536
0.003 -0.003 -0.004 -0.00053404 -0.0011037 0.00060549
0.003 -0.003 -0.003 -0.0004961 -0.0010008 0.00058532
0.003 -0.003 -0.002 -0.00046044 -0.00090608 0.00056485
0.003 -0.003 -0.001 -0.00042707 -0.00081961 0.00054406
0.003 -0.003 0 -0.00039598 -0.00074136 0.00052297
0.003 -0.003 0.001 -0.00036718 -0.00067133 0.00050158
0.003 -0.003 0.002 -0.00034067 -0.00060953 0.00047988
0.003 -0.003 0.003 -0.00031644 -0.00055594 0.00045787
0.003 -0.003 0.004 -0.0002945 -0.00051058 0.00043555
0.003 -0.003 0.005 -0.00027485 -0.00047344 0.00041293
0.003 -0.002 0.005 -0.00029379 -0.0004737 0.00045549
0.003 -0.002 0.004 -0.00031506 -0.00051122 0.00048251
0.003 -0.002 0.003 -0.00033956 -0.00055785 0.00051008
0.003 -0.002 0.002 -0.00036728 -0.00061361 0.0005382
0.003 -0.002 0.001 -0.00039823 -0.0006785 0.00056686
0.003 -0.002 0 -0.0004324 -0.0007525 0.00059606
0.003 -0.002 -0.001 -0.00046979 -0.00083563 0.0006258
0.003 -0.002 -0.002 -0.0005104 -0.00092788 0.00065609
0.003 -0.002 -0.003 -0.00055424 -0.0010293 0.00068693
0.003 -0.002 -0.004 -0.0006013 -0.0011398 0.0007183
0.003 -0.002 -0.005 -0.00065158 -0.0012594 0.00075023
0.003 -0.001 -0.005 -0.00073756 -0.0012871 0.00088042
0.003 -0.001 -0.004 -0.00067574 -0.001161 0.00083531
0.003 -0.001 -0.003 -0.00061824 -0.0010448 0.00079173
0.003 -0.001 -0.002 -0.00056505 -0.00093843 0.00074967
0.003 -0.001 -0.001 -0.00051618 -0.00084191 0.00070913
0.003 -0.001 0 -0.00047162 -0.00075525 0.00067011
0.003 -0.001 0.001 -0.00043136 -0.00067844 0.00063262
0.003 -0.001 0.002 -0.00039543 -0.00061149 0.00059666
0.003 -0.001 0.003 -0.0003638 -0.00055439 0.00056221
0.003 -0.001 0.004 -0.00033649 -0.00050715 0.00052929
0.003 -0.001 0.005 -0.00031349 -0.00046977 0.0004979
0.003 0 0.005 -0.00033395 -0.00046163 0.00054016
0.003 0 0.004 -0.00035878 -0.00049839 0.00057589
0.003 0 0.003 -0.00038916 -0.00054556 0.00061425
0.003 0 0.002 -0.0004251 -0.00060316 0.00065525
0.003 0 0.001 -0.00046659 -0.00067117 0.00069888
0.003 0 0 -0.00051364 -0.00074961 0.00074514
0.003 0 -0.001 -0.00056624 -0.00083846 0.00079404
0.003 0 -0.002 -0.0006244 -0.00093773 0.00084556
0.003 0 -0.003 -0.00068811 -0.0010474 0.00089972
0.003 0 -0.004 -0.00075738 -0.0011675 0.00095652
0.003 0 -0.005 -0.0008322 -0.0012981 0.0010159
0.003 0.001 -0.005 -0.0009355 -0.0012922 0.0011568
0.003 0.001 -0.004 -0.00084619 -0.0011592 0.0010819
0.003 0.001 -0.003 -0.00076384 -0.0010371 0.0010109
0.003 0.001 -0.002 -0.00068843 -0.00092577 0.00094378
0.003 0.001 -0.001 -0.00061997 -0.00082526 0.00088053
0.003 0.001 0 -0.00055847 -0.00073557 0.00082114
0.003 0.001 0.001 -0.00050391 -0.00065668 0.00076562
0.003 0.001 0.002 -0.0004563 -0.00058862 0.00071398
0.003 0.001 0.003 -0.00041565 -0.00053136 0.0006662
0.003 0.001 0.004 -0.00038194 -0.00048492 0.0006223
0.003 0.001 0.005 -0.00035518 -0.00044929 0.00058227
0.003 0.002 0.005 -0.00037718 -0.00043275 0.00062423
0.003 0.002 0.004 -0.00040597 -0.00046675 0.00066853
0.003 0.002 0.003 -0.00044325 -0.00051179 0.00071806
0.003 0.002 0.002 -0.00048904 -0.00056786 0.00077284
0.003 0.002 0.001 -0.00054332 -0.00063498 0.00083285
0.003 0.002 0 -0.0006061 -0.00071314 0.00089811
0.003 0.002 -0.001 -0.00067738 -0.00080233 0.0009686
0.003 0.002 -0.002 -0.00075715 -0.00090257 0.0010443
0.003 0.002 -0.003 -0.00084543 -0.0010138 0.0011253
0.003 0.002 -0.004 -0.0009422 -0.0011362 0.0012115
0.003 0.002 -0.005 -0.0010475 -0.0012695 0.001303
0.003 0.003 -0.005 -0.0011681 -0.00123 0.0014545
0.003 0.003 -0.004 -0.0010454 -0.0010983 0.0013453
0.003 0.003 -0.003 -0.00093288 -0.00097765 0.0012429
0.003 0.003 -0.002 -0.00083057 -0.00086811 0.0011472
0.003 0.003 -0.001 -0.00073845 -0.00076966 0.0010583
0.003 0.003 0 -0.00065654 -0.00068231 0.00097605
0.003 0.003 0.001 -0.00058482 -0.00060606 0.00090057
0.003 0.003 0.002 -0.0005233 -0.0005409 0.00083184
0.003 0.003 0.003 -0.00047198 -0.00048684 0.00076983
0.003 0.003 0.004 -0.00043086 -0.00044387 0.00071457
0.003 0.003 0.005 -0.00039993 -0.000412 0.00066604
0.003 0.004 0.005 -0.00042345 -0.00038706 0.0007077
0.003 0.004 0.004 -0.00045661 -0.0004163 0.00076043
0.003 0.004 0.003 -0.00050183 -0.00045652 0.00082151
0.003 0.004 0.002 -0.00055909 -0.00050773 0.00089097
0.003 0.004 0.001 -0.00062841 -0.00056992 0.00096878
0.003 0.004 0 -0.00070978 -0.0006431 0.001055
0.003 0.004 -0.001 -0.0008032 -0.00072726 0.0011495
0.003 0.004 -0.002 -0.00090867 -0.0008224 0.0012524
0.003 0.004 -0.003 -0.0010262 -0.00092853 0.0013637
0.003 0.004 -0.004 -0.0011558 -0.0010456 0.0014833
0.003 0.004 -0.005 -0.0012974 -0.0011737 0.0016113
0.003 0.005 -0.005 -0.0014354 -0.0011006 0.0017734
0.003 0.005 -0.004 -0.0012733 -0.0009782 0.0016255
0.003 0.005 -0.003 -0.0011254 -0.00086647 0.0014876
0.003 0.005 -0.002 -0.00099146 -0.00076544 0.0013599
0.003 0.005 -0.001 -0.00087162 -0.00067511 0.0012423
0.003 0.005 0 -0.00076582 -0.00059549 0.0011348
0.003 0.005 0.001 -0.00067409 -0.00052656 0.0010375
0.003 0.005 0.002 -0.00059642 -0.00046834 0.00095023
0.003 0.005 0.003 -0.0005328 -0.00042083 0.00087311
0.003 0.005 0.004 -0.00048324 -0.00038402 0.0008061
0.003 0.005 0.005 -0.00044774 -0.0003579 0.00074921
0.004 0.005 0.005 -0.00042039 -0.00038458 0.00079943
0.004 0.005 0.004 -0.00045316 -0.00041148 0.00086036
0.004 0.005 0.003 -0.00050001 -0.00045142 0.00093384
0.004 0.005 0.002 -0.00056094 -0.00050441 0.0010199
0.004 0.005 0.001 -0.00063594 -0.00057045 0.0011185
0.004 0.005 0 -0.00072501 -0.00064953 0.0012296
0.004 0.005 -0.001 -0.00082815 -0.00074165 0.0013533
0.004 0.005 -0.002 -0.00094537 -0.00084682 0.0014896
0.004 0.005 -0.003 -0.0010767 -0.00096504 0.0016384
0.004 0.005 -0.004 -0.001222 -0.0010963 0.0017998
0.004 0.005 -0.005 -0.0013815 -0.0012406 0.0019737
0.004 0.004 -0.005 -0.001237 -0.0013083 0.0017849
0.004 0.004 -0.004 -0.001099 -0.0011595 0.0016349
0.004 0.004 -0.003 -0.0009731 -0.0010239 0.0014954
0.004 0.004 -0.002 -0.00085912 -0.0009014 0.0013662
0.004 0.004 -0.001 -0.0007571 -0.00079205 0.0012474
0.004 0.004 0 -0.00066704 -0.00069584 0.001139
0.004 0.004 0.001 -0.00058894 -0.00061278 0.001041
0.004 0.004 0.002 -0.00052281 -0.00054286 0.00095339
0.004 0.004 0.003 -0.00046863 -0.00048609 0.00087616
0.004 0.004 0.004 -0.00042642 -0.00044247 0.00080932
0.004 0.004 0.005 -0.00039617 -0.00041198 0.00075286
0.004 0.003 0.005 -0.00037284 -0.00043535 0.00070647
0.004 0.003 0.004 -0.00040075 -0.0004688 0.00075844
0.004 0.003 0.003 -0.00043867 -0.00051534 0.00081878
0.004 0.003 0.002 -0.00048661 -0.00057495 0.00088751
0.004 0.003 0.001 -0.00054455 -0.00064764 0.00096462
0.004 0.003 0 -0.00061251 -0.00073341 0.0010501
0.004 0.003 -0.001 -0.00069047 -0.00083225 0.001144
0.004 0.003 -0.002 -0.00077845 -0.00094418 0.0012463
0.004 0.003 -0.003 -0.00087645 -0.0010692 0.0013569
0.004 0.003 -0.004 -0.00098445 -0.0012073 0.0014759
0.004 0.003 -0.005 -0.0011025 -0.0013584 0.0016033
0.004 0.002 -0.005 -0.00097801 -0.0013908 0.0014291
0.004 0.002 -0.004 -0.00087824 -0.0012394 0.0013228
0.004 0.002 -0.003 -0.00078669 -0.0011009 0.001223
0.004 0.002 -0.002 -0.00070337 -0.00097514 0.0011298
0.004 0.002 -0.001 -0.00062828 -0.00086226 0.0010431
0.004 0.002 0 -0.0005614 -0.00076222 0.00096292
0.004 0.002 0.001 -0.00050276 -0.00067502 0.00088931
0.004 0.002 0.002 -0.00045234 -0.00060067 0.00082224
0.004 0.002 0.003 -0.00041014 -0.00053916 0.00076171
0.004 0.002 0.004 -0.00037616 -0.00049049 0.00070772
0.004 0.002 0.005 -0.00035041 -0.00045467 0.00066027
0.004 0.001 0.005 -0.00032888 -0.00046994 0.00061425
0.004 0.001 0.004 -0.00035265 -0.00050752 0.00065716
0.004 0.001 0.003 -0.00038302 -0.00055755 0.00070493
0.004 0.001 0.002 -0.00042 -0.00062002 0.00075756
0.004 0.001 0.001 -0.00046357 -0.00069492 0.00081506
0.004 0.001 0 -0.00051374 -0.00078227 0.00087741
0.004 0.001 -0.001 -0.00057051 -0.00088206 0.00094463
0.004 0.001 -0.002 -0.00063387 -0.00099429 0.0010167
0.004 0.001 -0.003 -0.00070384 -0.001119 0.0010937
0.004 0.001 -0.004 -0.00078041 -0.0012561 0.0011755
0.004 0.001 -0.005 -0.00086358 -0.0014056 0.0012621
0.004 0 -0.005 -0.00075918 -0.0014027 0.0011025
0.004 0 -0.004 -0.00069097 -0.0012572 0.001034
0.004 0 -0.003 -0.0006279 -0.0011235 0.00096888
0.004 0 -0.002 -0.00056996 -0.0010016 0.00090711
0.004 0 -0.001 -0.00051716 -0.00089166 0.00084868
0.004 0 0 -0.0004695 -0.00079357 0.00079361
0.004 0 0.001 -0.00042698 -0.00070735 0.00074188
0.004 0 0.002 -0.00038959 -0.000633 0.00069349
0.004 0 0.003 -0.00035733 -0.00057052 0.00064845
0.004 0 0.004 -0.00033022 -0.00051991 0.00060676
0.004 0 0.005 -0.00030824 -0.00048117 0.00056842
0.004 -0.001 0.005 -0.00028849 -0.00048836 0.00052277
0.004 -0.001 0.004 -0.00030886 -0.00052764 0.00055653
0.004 -0.001 0.003 -0.00033306 -0.00057806 0.00059228
0.004 -0.001 0.002 -0.00036111 -0.00063961 0.00063003
0.004 -0.001 0.001 -0.00039298 -0.00071229 0.00066977
0.004 -0.001 0 -0.0004287 -0.00079611 0.0007115
0.004 -0.001 -0.001 -0.00046825 -0.00089106 0.00075523
0.004 -0.001 -0.002 -0.00051163 -0.00099715 0.00080095
0.004 -0.001 -0.003 -0.00055886 -0.0011144 0.00084867
0.004 -0.001 -0.004 -0.00060991 -0.0012427 0.00089838
0.004 -0.001 -0.005 -0.00066481 -0.0013822 0.00095008
0.004 -0.002 -0.005 -0.00058047 -0.001344 0.00080499
0.004 -0.002 -0.004 -0.00053725 -0.0012127 0.00076861
0.004 -0.002 -0.003 -0.00049672 -0.0010917 0.00073302
0.004 -0.002 -0.002 -0.00045889 -0.00098086 0.00069824
0.004 -0.002 -0.001 -0.00042376 -0.00088027 0.00066426
0.004 -0.002 0 -0.00039133 -0.0007899 0.00063109
0.004 -0.002 0.001 -0.00036159 -0.00070976 0.00059872
0.004 -0.002 0.002 -0.00033456 -0.00063985 0.00056716
0.004 -0.002 0.003 -0.00031022 -0.00058017 0.0005364
0.004 -0.002 0.004 -0.00028858 -0.00053072 0.00050645
0.004 -0.002 0.005 -0.00026963 -0.0004915 0.0004773
0.004 -0.003 0.005 -0.00025167 -0.00049059 0.00043202
0.004 -0.003 0.004 -0.00026937 -0.00052915 0.00045654
0.004 -0.003 0.003 -0.0002888 -0.00057686 0.00048083
0.004 -0.003 0.002 -0.00030994 -0.00063373 0.0005049
0.004 -0.003 0.001 -0.0003328 -0.00069975 0.00052875
0.004 -0.003 0 -0.00035739 -0.00077493 0.00055238
0.004 -0.003 -0.001 -0.0003837 -0.00085927 0.00057579
0.004 -0.003 -0.002 -0.00041173 -0.00095277 0.00059897
0.004 -0.003 -0.003 -0.00044149 -0.0010554 0.00062194
0.004 -0.003 -0.004 -0.00047297 -0.0011672 0.00064468
0.004 -0.003 -0.005 -0.00050616 -0.0012882 0.0006672
0.004 -0.004 -0.005 -0.00044189 -0.0012147 0.0005367
0.004 -0.004 -0.004 -0.00041707 -0.0011062 0.0005266
0.004 -0.004 -0.003 -0.00039316 -0.0010056 0.00051542
0.004 -0.004 -0.002 -0.00037016 -0.00091286 0.00050315
0.004 -0.004 -0.001 -0.00034807 -0.00082808 0.0004898
0.004 -0.004 0 -0.00032689 -0.00075121 0.00047537
0.004 -0.004 0.001 -0.00030662 -0.00068227 0.00045985
0.004 -0.004 0.002 -0.00028725 -0.00062124 0.00044324
0.004 -0.004 0.003 -0.00026879 -0.00056812 0.00042555
0.004 -0.004 0.004 -0.00025125 -0.00052293 0.00040678
0.004 -0.004 0.005 -0.00023461 -0.00048565 0.00038692
0.004 -0.005 0.005 -0.00021844 -0.00047666 0.00034201
0.004 -0.005 0.004 -0.0002342 -0.00051205 0.00035719
0.004 -0.005 0.003 -0.00025022 -0.00055396 0.00037058
0.004 -0.005 0.002 -0.00026649 -0.00060238 0.00038219
0.004 -0.005 0.001 -0.00028303 -0.0006573 0.00039201
0.004 -0.005 0 -0.00029982 -0.00071874 0.00040005
0.004 -0.005 -0.001 -0.00031687 -0.00078668 0.00040631
0.004 -0.005 -0.002 -0.00033417 -0.00086114 0.00041078
0.004 -0.005 -0.003 -0.00035174 -0.0009421 0.00041347
0.004 -0.005 -0.004 -0.00036956 -0.0010296 0.00041437
0.004 -0.005 -0.005 -0.00038764 -0.0011236 0.00041349
0.005 -0.005 -0.005 -0.00032074 -0.0011697 0.0004327
0.005 -0.005 -0.004 -0.00031034 -0.0010699 0.00043378
0.005 -0.005 -0.003 -0.00029945 -0.00097724 0.00043292
0.005 -0.005 -0.002 -0.00028807 -0.0008917 0.00043012
0.005 -0.005 -0.001 -0.00027621 -0.0008133 0.00042536
0.005 -0.005 0 -0.00026385 -0.00074203 0.00041865
0.005 -0.005 0.001 -0.00025101 -0.0006779 0.00041
0.005 -0.005 0.002 -0.00023769 -0.0006209 0.00039939
0.005 -0.005 0.003 -0.00022387 -0.00057103 0.00038684
0.005 -0.005 0.004 -0.00020957 -0.00052829 0.00037234
0.005 -0.005 0.005 -0.00019478 -0.00049269 0.00035589
0.005 -0.004 0.005 -0.00020957 -0.00050172 0.00040267
0.005 -0.004 0.004 -0.0002246 -0.00053983 0.00042402
0.005 -0.004 0.003 -0.00023982 -0.00058666 0.00044424
0.005 -0.004 0.002 -0.00025522 -0.00064219 0.00046331
0.005 -0.004 0.001 -0.00027081 -0.00070644 0.00048124
0.005 -0.004 0 -0.00028658 -0.0007794 0.00049804
0.005 -0.004 -0.001 -0.00030254 -0.00086107 0.00051369
0.005 -0.004 -0.002 -0.00031868 -0.00095145 0.0005282
0.005 -0.004 -0.003 -0.000335 -0.0010505 0.00054157
0.005 -0.004 -0.004 -0.00035151 -0.0011583 0.0005538
0.005 -0.004 -0.005 -0.0003682 -0.0012749 0.00056489
0.005 -0.003 -0.005 -0.00042708 -0.0013616 0.0007066
0.005 -0.003 -0.004 -0.00040229 -0.0012305 0.00068153
0.005 -0.003 -0.003 -0.00037852 -0.0011096 0.00065633
0.005 -0.003 -0.002 -0.00035579 -0.00099886 0.000631
0.005 -0.003 -0.001 -0.00033408 -0.00089821 0.00060554
0.005 -0.003 0 -0.00031339 -0.00080769 0.00057994
0.005 -0.003 0.001 -0.00029373 -0.00072729 0.00055422
0.005 -0.003 0.002 -0.0002751 -0.00065702 0.00052837
0.005 -0.003 0.003 -0.0002575 -0.00059688 0.0005024
0.005 -0.003 0.004 -0.00024092 -0.00054687 0.00047629
0.005 -0.003 0.005 -0.00022537 -0.00050698 0.00045005
0.005 -0.002 0.005 -0.00024219 -0.00050848 0.00049802
0.005 -0.002 0.004 -0.00025853 -0.0005494 0.00052913
0.005 -0.002 0.003 -0.00027691 -0.0006017 0.00056131
0.005 -0.002 0.002 -0.00029733 -0.00066538 0.00059459
0.005 -0.002 0.001 -0.00031979 -0.00074044 0.00062894
0.005 -0.002 0 -0.00034429 -0.00082689 0.00066438
0.005 -0.002 -0.001 -0.00037082 -0.00092472 0.0007009
0.005 -0.002 -0.002 -0.0003994 -0.0010339 0.00073851
0.005 -0.002 -0.003 -0.00043002 -0.0011545 0.0007772
0.005 -0.002 -0.004 -0.00046268 -0.0012865 0.00081697
0.005 -0.002 -0.005 -0.00049738 -0.0014298 0.00085783
0.005 -0.001 -0.005 -0.0005791 -0.0014797 0.0010186
0.005 -0.001 -0.004 -0.00053269 -0.0013262 0.00096012
0.005 -0.001 -0.003 -0.00048949 -0.0011852 0.00090418
0.005 -0.001 -0.002 -0.00044953 -0.0010567 0.00085073
0.005 -0.001 -0.001 -0.00041278 -0.0009406 0.00079978
0.005 -0.001 0 -0.00037926 -0.00083701 0.00075134
0.005 -0.001 0.001 -0.00034897 -0.0007459 0.00070539
0.005 -0.001 0.002 -0.0003219 -0.00066726 0.00066194
0.005 -0.001 0.003 -0.00029805 -0.0006011 0.00062099
0.005 -0.001 0.004 -0.00027743 -0.00054741 0.00058254
0.005 -0.001 0.005 -0.00026003 -0.0005062 0.00054659
0.005 0 0.005 -0.00027888 -0.00050016 0.00059576
0.005 0 0.004 -0.00029761 -0.00054093 0.00063654
0.005 0 0.003 -0.00032092 -0.0005951 0.00068143
0.005 0 0.002 -0.00034881 -0.00066268 0.00073044
0.005 0 0.001 -0.00038127 -0.00074366 0.00078357
0.005 0 0 -0.00041832 -0.00083806 0.00084082
0.005 0 -0.001 -0.00045995 -0.00094586 0.00090219
0.005 0 -0.002 -0.00050616 -0.0010671 0.00096767
0.005 0 -0.003 -0.00055694 -0.0012017 0.0010373
0.005 0 -0.004 -0.00061231 -0.0013497 0.001111
0.005 0 -0.005 -0.00067225 -0.0015111 0.0011888
0.005 0.001 -0.005 -0.00077683 -0.0015241 0.0013686
0.005 0.001 -0.004 -0.00070154 -0.0013569 0.0012696
0.005 0.001 -0.003 -0.00063236 -0.0012039 0.0011765
0.005 0.001 -0.002 -0.00056929 -0.0010651 0.0010893
0.005 0.001 -0.001 -0.00051233 -0.00094048 0.0010081
0.005 0.001 0 -0.00046146 -0.00083002 0.00093283
0.005 0.001 0.001 -0.00041671 -0.00073373 0.00086349
0.005 0.001 0.002 -0.00037806 -0.00065162 0.00080009
0.005 0.001 0.003 -0.00034552 -0.00058369 0.00074263
0.005 0.001 0.004 -0.00031908 -0.00052993 0.00069111
0.005 0.001 0.005 -0.00029875 -0.00049035 0.00064552
0.005 0.002 0.005 -0.00031963 -0.00047677 0.00069588
0.005 0.002 0.004 -0.00034184 -0.00051443 0.00074625
0.005 0.002 0.003 -0.00037185 -0.00056687 0.00080459
0.005 0.002 0.002 -0.00040966 -0.00063409 0.00087088
0.005 0.002 0.001 -0.00045527 -0.0007161 0.00094514
0.005 0.002 0 -0.00050869 -0.0008129 0.0010274
0.005 0.002 -0.001 -0.00056991 -0.00092448 0.0011175
0.005 0.002 -0.002 -0.00063893 -0.0010508 0.0012157
0.005 0.002 -0.003 -0.00071576 -0.001192 0.0013218
0.005 0.002 -0.004 -0.00080039 -0.0013479 0.0014359
0.005 0.002 -0.005 -0.00089282 -0.0015187 0.0015579
0.005 0.003 -0.005 -0.0010202 -0.0014948 0.0017567
0.005 0.003 -0.004 -0.00090885 -0.0013227 0.0016099
0.005 0.003 -0.003 -0.00080713 -0.0011659 0.0014732
0.005 0.003 -0.002 -0.00071508 -0.0010242 0.0013468
0.005 0.003 -0.001 -0.00063271 -0.00089785 0.0012305
0.005 0.003 0 -0.00056 -0.0007867 0.0011244
0.005 0.003 0.001 -0.00049696 -0.00069078 0.0010285
0.005 0.003 0.002 -0.0004436 -0.00061009 0.00094282
0.005 0.003 0.003 -0.00039991 -0.00054464 0.00086731
0.005 0.003 0.004 -0.00036588 -0.00049441 0.00080198
0.005 0.003 0.005 -0.00034153 -0.00045942 0.00074684
0.005 0.004 0.005 -0.00036445 -0.00043831 0.00079839
0.005 0.004 0.004 -0.00039122 -0.00046989 0.00085828
0.005 0.004 0.003 -0.0004297 -0.000517 0.00093078
0.005 0.004 0.002 -0.00047988 -0.00057962 0.0010159
0.005 0.004 0.001 -0.00054178 -0.00065776 0.0011136
0.005 0.004 0 -0.00061539 -0.00075142 0.001224
0.005 0.004 -0.001 -0.00070071 -0.0008606 0.001347
0.005 0.004 -0.002 -0.00079774 -0.00098529 0.0014826
0.005 0.004 -0.003 -0.00090648 -0.0011255 0.0016308
0.005 0.004 -0.004 -0.0010269 -0.0012812 0.0017916
0.005 0.004 -0.005 -0.0011591 -0.0014525 0.001965
0.005 0.005 -0.005 -0.0013094 -0.0013917 0.0021829
0.005 0.005 -0.004 -0.0011546 -0.0012235 0.001981
0.005 0.005 -0.003 -0.0010138 -0.0010709 0.0017944
0.005 0.005 -0.002 -0.0008869 -0.000934 0.0016231
0.005 0.005 -0.001 -0.00077392 -0.00081271 0.001467
0.005 0.005 0 -0.00067487 -0.00070706 0.0013261
0.005 0.005 0.001 -0.00058973 -0.00061705 0.0012005
0.005 0.005 0.002 -0.00051851 -0.00054268 0.0010901
0.005 0.005 0.003 -0.00046122 -0.00048395 0.00099502
0.005 0.005 0.004 -0.00041784 -0.00044087 0.00091516
0.005 0.005 0.005 -0.00038838 -0.00041342 0.00085054
