1331
11 11 11
-0.005 0.005
-0.005 0.005
-0.005 0.005
-0.005 -0.005 -0.005 -0.00077286 0.0023441 6.0999e-05
-0.005 -0.005 -0.004 -0.0007199 0.0022623 0.0001779
-0.005 -0.005 -0.003 -0.00066954 0.002176 0.00028283
-0.005 -0.005 -0.002 -0.00062179 0.0020852 0.00037578
-0.005 -0.005 -0.001 -0.00057665 0.0019898 0.00045675
-0.005 -0.005 0 -0.00053412 0.00189 0.00052575
-0.005 -0.005 0.001 -0.0004942 0.0017857 0.00058277
-0.005 -0.005 0.002 -0.00045688 0.0016768 0.00062782
-0.005 -0.005 0.003 -0.00042217 0.0015634 0.00066088
-0.005 -0.005 0.004 -0.00039007 0.0014456 0.00068198
-0.005 -0.005 0.005 -0.00036058 0.0013232 0.00069109
-0.005 -0.004 0.005 -0.00032495 0.0012536 0.00060481
-0.005 -0.004 0.004 -0.00035224 0.0013595 0.000591
-0.005 -0.004 0.003 -0.00038126 0.0014612 0.00056741
-0.005 -0.004 0.002 -0.00041201 0.0015588 0.00053403
-0.005 -0.004 0.001 -0.00044449 0.0016521 0.00049087
-0.005 -0.004 0 -0.00047871 0.0017413 0.00043793
-0.005 -0.004 -0.001 -0.00051466 0.0018263 0.00037521
-0.005 -0.004 -0.002 -0.00055234 0.0019071 0.0003027
-0.005 -0.004 -0.003 -0.00059175 0.0019837 0.00022042
-0.005 -0.004 -0.004 -0.0006329 0.0020561 0.00012835
-0.005 -0.004 -0.005 -0.00067577 0.0021244 2.6503e-05
-0.005 -0.003 -0.005 -0.00058792 0.0019223 -4.7314e-06
-0.005 -0.003 -0.004 -0.00055373 0.0018661 8.3644e-05
-0.005 -0.003 -0.003 -0.00052057 0.001806 0.00016417
-0.005 -0.003 -0.002 -0.00048843 0.0017421 0.00023684
-0.005 -0.003 -0.001 -0.00045733 0.0016743 0.00030166
-0.005 -0.003 0 -0.00042725 0.0016025 0.00035863
-0.005 -0.003 0.001 -0.0003982 0.001527 0.00040775
-0.005 -0.003 0.002 -0.00037018 0.0014475 0.00044902
-0.005 -0.003 0.003 -0.00034319 0.0013641 0.00048244
-0.005 -0.003 0.004 -0.00031723 0.0012769 0.000508
-0.005 -0.003 0.005 -0.00029229 0.0011858 0.00052572
-0.005 -0.002 0.005 -0.0002626 0.0011197 0.0004538
-0.005 -0.002 0.004 -0.00028503 0.0011978 0.00043299
-0.005 -0.002 0.003 -0.00030796 0.0012722 0.00040598
-0.005 -0.002 0.002 -0.00033139 0.001343 0.0003728
-0.005 -0.002 0.001 -0.00035531 0.0014102 0.00033342
-0.005 -0.002 0 -0.00037974 0.0014738 0.00028786
-0.005 -0.002 -0.001 -0.00040466 0.0015338 0.00023612
-0.005 -0.002 -0.002 -0.00043007 0.0015902 0.00017819
-0.005 -0.002 -0.003 -0.00045599 0.001643 0.00011408
-0.005 -0.002 -0.004 -0.0004824 0.0016921 4.378e-05
-0.005 -0.002 -0.005 -0.00050931 0.0017377 -3.2703e-05
-0.005 -0.001 -0.005 -0.00043993 0.0015707 -5.7414e-05
-0.005 -0.001 -0.004 -0.0004189 0.0015343 8.7604e-06
-0.005 -0.001 -0.003 -0.00039801 0.0014946 7.0151e-05
-0.005 -0.001 -0.002 -0.00037726 0.0014514 0.00012676
-0.005 -0.001 -0.001 -0.00035664 0.0014049 0.00017858
-0.005 -0.001 0 -0.00033617 0.0013551 0.00022562
-0.005 -0.001 0.001 -0.00031583 0.0013019 0.00026788
-0.005 -0.001 0.002 -0.00029564 0.0012453 0.00030535
-0.005 -0.001 0.003 -0.00027558 0.0011853 0.00033804
-0.005 -0.001 0.004 -0.00025566 0.001122 0.00036595
-0.005 -0.001 0.005 -0.00023588 0.0010553 0.00038907
-0.005 0 0.005 -0.00021212 0.0009927 0.00033152
-0.005 0 0.004 -0.00022911 0.0010497 0.00030689
-0.005 0 0.003 -0.00024604 0.0011036 0.00027861
-0.005 0 0.002 -0.00026292 0.0011543 0.00024669
-0.005 0 0.001 -0.00027976 0.0012019 0.00021112
-0.005 0 0 -0.00029655 0.0012464 0.00017191
-0.005 0 -0.001 -0.0003133 0.0012876 0.00012904
-0.005 0 -0.002 -0.00032999 0.0013258 8.2537e-05
-0.005 0 -0.003 -0.00034664 0.0013608 3.2383e-05
-0.005 0 -0.004 -0.00036324 0.0013926 -2.1416e-05
-0.005 0 -0.005 -0.00037979 0.0014213 -7.8862e-05
-0.005 0.001 -0.005 -0.00032888 0.0012894 -9.7048e-05
-0.005 0.001 -0.004 -0.0003154 0.001267 -4.6749e-05
-0.005 0.001 -0.003 -0.00030187 0.0012416 7.7632e-07
-0.005 0.001 -0.002 -0.00028827 0.0012132 4.5529e-05
-0.005 0.001 -0.001 -0.00027461 0.0011819 8.7509e-05
-0.005 0.001 0 -0.00026088 0.0011476 0.00012672
-0.005 0.001 0.001 -0.0002471 0.0011104 0.00016315
-0.005 0.001 0.002 -0.00023325 0.0010702 0.00019681
-0.005 0.001 0.003 -0.00021934 0.001027 0.0002277
-0.005 0.001 0.004 -0.00020537 0.00098088 0.00025581
-0.005 0.001 0.005 -0.00019134 0.00093179 0.00028115
-0.005 0.002 0.005 -0.00017352 0.0008726 0.00023797
-0.005 0.002 0.004 -0.00018445 0.00091547 0.00021271
-0.005 0.002 0.003 -0.00019549 0.00095553 0.00018529
-0.005 0.002 0.002 -0.00020662 0.00099279 0.00015571
-0.005 0.002 0.001 -0.00021784 0.0010272 0.00012396
-0.005 0.002 0 -0.00022916 0.0010589 9.0051e-05
-0.005 0.002 -0.001 -0.00024058 0.0010877 5.3975e-05
-0.005 0.002 -0.002 -0.00025209 0.0011138 1.5735e-05
-0.005 0.002 -0.003 -0.0002637 0.001137 -2.467e-05
-0.005 0.002 -0.004 -0.00027541 0.0011575 -6.7239e-05
-0.005 0.002 -0.005 -0.00028721 0.0011751 -0.00011197
-0.005 0.003 -0.005 -0.00025477 0.0010783 -0.00012363
-0.005 0.003 -0.004 -0.00024324 0.0010641 -8.2885e-05
-0.005 0.003 -0.003 -0.00023214 0.0010471 -4.3956e-05
-0.005 0.003 -0.002 -0.00022146 0.0010275 -6.846e-06
-0.005 0.003 -0.001 -0.00021121 0.0010051 2.8444e-05
-0.005 0.003 0 -0.00020139 0.00098017 6.1914e-05
-0.005 0.003 0.001 -0.00019199 0.00095251 9.3564e-05
-0.005 0.003 0.002 -0.00018302 0.00092218 0.00012339
-0.005 0.003 0.003 -0.00017447 0.00088917 0.0001514
-0.005 0.003 0.004 -0.00016636 0.0008535 0.0001776
-0.005 0.003 0.005 -0.00015866 0.00081514 0.00020197
-0.005 0.004 0.005 -0.00014678 0.00075942 0.00017315
-0.005 0.004 0.004 -0.00015108 0.00079496 0.00015046
-0.005 0.004 0.003 -0.00015631 0.00082794 0.00012603
-0.005 0.004 0.002 -0.00016246 0.00085834 9.9859e-05
-0.005 0.004 0.001 -0.00016955 0.00088617 7.195e-05
-0.005 0.004 0 -0.00017756 0.00091143 4.2302e-05
-0.005 0.004 -0.001 -0.00018651 0.00093412 1.0914e-05
-0.005 0.004 -0.002 -0.00019638 0.00095424 -2.2213e-05
-0.005 0.004 -0.003 -0.00020718 0.00097179 -5.7081e-05
-0.005 0.004 -0.004 -0.00021891 0.00098676 -9.3688e-05
-0.005 0.004 -0.005 -0.00023157 0.00099917 -0.00013203
-0.005 0.005 -0.005 -0.00021761 0.00093755 -0.00013717
-0.005 0.005 -0.004 -0.00020241 0.00092557 -9.9647e-05
-0.005 0.005 -0.003 -0.00018883 0.0009111 -6.4045e-05
-0.005 0.005 -0.002 -0.00017684 0.00089413 -3.0367e-05
-0.005 0.005 -0.001 -0.00016646 0.00087466 1.387e-06
-0.005 0.005 0 -0.00015768 0.00085269 3.1217e-05
-0.005 0.005 0.001 -0.00015051 0.00082823 5.9123e-05
-0.005 0.005 0.002 -0.00014494 0.00080127 8.5105e-05
-0.005 0.005 0.003 -0.00014098 0.00077182 0.00010916
-0.005 0.005 0.004 -0.00013862 0.00073987 0.0001313
-0.005 0.005 0.005 -0.00013786 0.00070542 0.00015151
-0.004 0.005 0.005 -0.0001077 0.00072275 0.00015798
-0.004 0.005 0.004 -0.00010856 0.00075721 0.00013826
-0.004 0.005 0.003 -0.00011061 0.00078939 0.00011656
-0.004 0.005 0.002 -0.00011384 0.00081927 9.2871e-05
-0.004 0.005 0.001 -0.00011827 0.00084686 6.7197e-05
-0.004 0.005 0 -0.00012388 0.00087216 3.9537e-05
-0.004 0.005 -0.001 -0.00013068 0.00089518 9.8911e-06
-0.004 0.005 -0.002 -0.00013867 0.0009159 -2.174e-05
-0.004 0.005 -0.003 -0.00014784 0.00093434 -5.5357e-05
-0.004 0.005 -0.004 -0.00015821 0.00095048 -9.096e-05
-0.004 0.005 -0.005 -0.00016976 0.00096434 -0.00012855
-0.004 0.004 -0.005 -0.00018085 0.0010267 -0.00012432
-0.004 0.004 -0.004 -0.0001713 0.001013 -8.5459e-05
-0.004 0.004 -0.003 -0.00016239 0.0009968 -4.8467e-05
-0.004 0.004 -0.002 -0.00015413 0.00097802 -1.3342e-05
-0.004 0.004 -0.001 -0.00014652 0.00095668 1.9916e-05
-0.004 0.004 0 -0.00013957 0.00093277 5.1305e-05
-0.004 0.004 0.001 -0.00013325 0.0009063 8.0827e-05
-0.004 0.004 0.002 -0.00012759 0.00087727 0.00010848
-0.004 0.004 0.003 -0.00012258 0.00084567 0.00013427
-0.004 0.004 0.004 -0.00011821 0.0008115 0.00015819
-0.004 0.004 0.005 -0.0001145 0.00077477 0.00018024
-0.004 0.003 0.005 -0.00012375 0.00082935 0.00021012
-0.004 0.003 0.004 -0.0001302 0.00086986 0.00018654
-0.004 0.003 0.003 -0.0001369 0.00090755 0.00016096
-0.004 0.003 0.002 -0.00014383 0.00094243 0.00013337
-0.004 0.003 0.001 -0.00015101 0.00097451 0.00010377
-0.004 0.003 0 -0.00015843 0.0010038 7.2176e-05
-0.004 0.003 -0.001 -0.00016609 0.0010302 3.8574e-05
-0.004 0.003 -0.002 -0.00017399 0.0010539 2.9684e-06
-0.004 0.003 -0.003 -0.00018213 0.0010748 -3.4642e-05
-0.004 0.003 -0.004 -0.00019051 0.0010928 -7.4256e-05
-0.004 0.003 -0.005 -0.00019914 0.001108 -0.00011588
-0.004 0.002 -0.005 -0.00022462 0.0012085 -0.00010321
-0.004 0.002 -0.004 -0.00021586 0.0011898 -5.7351e-05
-0.004 0.002 -0.003 -0.00020706 0.0011682 -1.3883e-05
-0.004 0.002 -0.002 -0.00019823 0.0011436 2.719e-05
-0.004 0.002 -0.001 -0.00018936 0.0011159 6.5867e-05
-0.004 0.002 0 -0.00018047 0.0010852 0.00010215
-0.004 0.002 0.001 -0.00017153 0.0010515 0.00013604
-0.004 0.002 0.002 -0.00016256 0.0010148 0.00016753
-0.004 0.002 0.003 -0.00015356 0.00097503 0.00019662
-0.004 0.002 0.004 -0.00014452 0.00093227 0.00022332
-0.004 0.002 0.005 -0.00013545 0.0008865 0.00024763
-0.004 0.001 0.005 -0.00014961 0.0009462 0.00029276
-0.004 0.001 0.004 -0.00016118 0.00099875 0.00026854
-0.004 0.001 0.003 -0.00017257 0.0010481 0.00024127
-0.004 0.001 0.002 -0.00018378 0.0010943 0.00021096
-0.004 0.001 0.001 -0.00019482 0.0011372 0.00017761
-0.004 0.001 0 -0.00020568 0.001177 0.00014122
-0.004 0.001 -0.001 -0.00021636 0.0012136 0.00010179
-0.004 0.001 -0.002 -0.00022686 0.001247 5.9322e-05
-0.004 0.001 -0.003 -0.00023719 0.0012772 1.3811e-05
-0.004 0.001 -0.004 -0.00024733 0.0013041 -3.4742e-05
-0.004 0.001 -0.005 -0.0002573 0.0013279 -8.6335e-05
-0.004 0 -0.005 -0.00029719 0.0014664 -6.524e-05
-0.004 0 -0.004 -0.00028494 0.0014357 -6.4304e-06
-0.004 0 -0.003 -0.00027251 0.0014016 4.8438e-05
-0.004 0 -0.002 -0.00025988 0.0013641 9.9367e-05
-0.004 0 -0.001 -0.00024707 0.0013234 0.00014635
-0.004 0 0 -0.00023407 0.0012792 0.0001894
-0.004 0 0.001 -0.00022088 0.0012318 0.00022851
-0.004 0 0.002 -0.0002075 0.001181 0.00026367
-0.004 0 0.003 -0.00019393 0.0011268 0.00029489
-0.004 0 0.004 -0.00018017 0.0010693 0.00032218
-0.004 0 0.005 -0.00016622 0.0010085 0.00034552
-0.004 -0.001 0.005 -0.00018529 0.0010733 0.0004059
-0.004 -0.001 0.004 -0.00020149 0.0011439 0.00038425
-0.004 -0.001 0.003 -0.00021763 0.0012111 0.0003575
-0.004 -0.001 0.002 -0.0002337 0.0012748 0.00032565
-0.004 -0.001 0.001 -0.0002497 0.0013351 0.00028871
-0.004 -0.001 0 -0.00026563 0.0013919 0.00024668
-0.004 -0.001 -0.001 -0.00028149 0.0014452 0.00019955
-0.004 -0.001 -0.002 -0.00029729 0.0014951 0.00014732
-0.004 -0.001 -0.003 -0.00031302 0.0015415 9.0001e-05
-0.004 -0.001 -0.004 -0.00032868 0.0015845 2.7584e-05
-0.004 -0.001 -0.005 -0.00034427 0.001624 -3.9928e-05
-0.004 -0.002 -0.005 -0.00039855 0.0018007 -1.0399e-05
-0.004 -0.002 -0.004 -0.00037854 0.0017506 6.7301e-05
-0.004 -0.002 -0.003 -0.00035872 0.001697 0.0001385
-0.004 -0.002 -0.002 -0.00033909 0.0016398 0.00020319
-0.004 -0.002 -0.001 -0.00031964 0.0015791 0.00026138
-0.004 -0.002 0 -0.00030037 0.0015149 0.00031306
-0.004 -0.002 0.001 -0.00028129 0.0014471 0.00035824
-0.004 -0.002 0.002 -0.00026239 0.0013758 0.00039691
-0.004 -0.002 0.003 -0.00024368 0.001301 0.00042908
-0.004 -0.002 0.004 -0.00022515 0.0012226 0.00045475
-0.004 -0.002 0.005 -0.0002068 0.0011407 0.00047391
-0.004 -0.003 0.005 -0.00023078 0.0012106 0.00054954
-0.004 -0.003 0.004 -0.00025114 0.0013053 0.00053368
-0.004 -0.003 0.003 -0.00027207 0.0013964 0.00050965
-0.004 -0.003 0.002 -0.00029357 0.001484 0.00047744
-0.004 -0.003 0.001 -0.00031565 0.0015679 0.00043708
-0.004 -0.003 0 -0.00033829 0.0016483 0.00038854
-0.004 -0.003 -0.001 -0.00036149 0.0017251 0.00033184
-0.004 -0.003 -0.002 -0.00038527 0.0017983 0.00026697
-0.004 -0.003 -0.003 -0.00040962 0.0018679 0.00019393
-0.004 -0.003 -0.004 -0.00043454 0.0019339 0.00011272
-0.004 -0.003 -0.005 -0.00046002 0.0019963 2.3347e-05
-0.004 -0.004 -0.005 -0.0005287 0.0022111 6.131e-05
-0.004 -0.004 -0.004 -0.00049666 0.0021345 0.00016384
-0.004 -0.004 -0.003 -0.00046571 0.0020543 0.00025629
-0.004 -0.004 -0.002 -0.00043585 0.0019705 0.00033866
-0.004 -0.004 -0.001 -0.00040707 0.0018831 0.00041093
-0.004 -0.004 0 -0.00037938 0.0017921 0.00047313
-0.004 -0.004 0.001 -0.00035277 0.0016975 0.00052523
-0.004 -0.004 0.002 -0.00032725 0.0015993 0.00056725
-0.004 -0.004 0.003 -0.00030281 0.0014975 0.00059919
-0.004 -0.004 0.004 -0.00027947 0.0013921 0.00062104
-0.004 -0.004 0.005 -0.0002572 0.0012831 0.0006328
-0.004 -0.005 0.005 -0.00028608 0.0013582 0.00072368
-0.004 -0.005 0.004 -0.00031012 0.001483 0.00071682
-0.004 -0.005 0.003 -0.0003359 0.0016042 0.00069771
-0.004 -0.005 0.002 -0.00036341 0.0017219 0.00066633
-0.004 -0.005 0.001 -0.00039266 0.0018359 0.0006227
-0.004 -0.005 0 -0.00042364 0.0019464 0.00056681
-0.004 -0.005 -0.001 -0.00045636 0.0020532 0.00049866
-0.004 -0.005 -0.002 -0.00049081 0.0021565 0.00041826
-0.004 -0.005 -0.003 -0.000527 0.0022562 0.00032559
-0.004 -0.005 -0.004 -0.00056492 0.0023523 0.00022067
-0.004 -0.005 -0.005 -0.00060457 0.0024448 0.00010349
-0.003 -0.005 -0.005 -0.0004379 0.0025218 0.00013634
-0.003 -0.005 -0.004 -0.00041101 0.0024212 0.00025377
-0.003 -0.005 -0.003 -0.00038507 0.0023176 0.00035872
-0.003 -0.005 -0.002 -0.00036008 0.0022112 0.00045119
-0.003 -0.005 -0.001 -0.00033604 0.0021018 0.00053118
-0.003 -0.005 0 -0.00031295 0.0019896 0.00059868
-0.003 -0.005 0.001 -0.00029081 0.0018745 0.00065371
-0.003 -0.005 0.002 -0.00026962 0.0017564 0.00069625
-0.003 -0.005 0.003 -0.00024938 0.0016355 0.00072632
-0.003 -0.005 0.004 -0.00023009 0.0015116 0.0007439
-0.003 -0.005 0.005 -0.00021175 0.0013849 0.00074901
-0.003 -0.004 0.005 -0.00018971 0.0013056 0.00065452
-0.003 -0.004 0.004 -0.00020673 0.001417 0.00064435
-0.003 -0.004 0.003 -0.00022426 0.0015253 0.00062385
-0.003 -0.004 0.002 -0.0002423 0.0016304 0.00059303
-0.003 -0.004 0.001 -0.00026086 0.0017324 0.00055189
-0.003 -0.004 0 -0.00027993 0.0018311 0.00050043
-0.003 -0.004 -0.001 -0.00029951 0.0019267 0.00043864
-0.003 -0.004 -0.002 -0.00031961 0.0020191 0.00036654
-0.003 -0.004 -0.003 -0.00034022 0.0021084 0.00028411
-0.003 -0.004 -0.004 -0.00036134 0.0021944 0.00019136
-0.003 -0.004 -0.005 -0.00038297 0.0022773 8.8286e-05
-0.003 -0.003 -0.005 -0.00033324 0.0020529 4.5168e-05
-0.003 -0.003 -0.004 -0.00031611 0.0019858 0.0001353
-0.003 -0.003 -0.003 -0.00029915 0.0019152 0.00021702
-0.003 -0.003 -0.002 -0.00028236 0.0018413 0.00029034
-0.003 -0.003 -0.001 -0.00026574 0.001764 0.00035524
-0.003 -0.003 0 -0.00024929 0.0016834 0.00041173
-0.003 -0.003 0.001 -0.00023301 0.0015994 0.00045981
-0.003 -0.003 0.002 -0.0002169 0.0015119 0.00049947
-0.003 -0.003 0.003 -0.00020096 0.0014212 0.00053073
-0.003 -0.003 0.004 -0.0001852 0.001327 0.00055358
-0.003 -0.003 0.005 -0.0001696 0.0012295 0.00056801
-0.003 -0.002 0.005 -0.00015142 0.0011566 0.00048947
-0.003 -0.002 0.004 -0.0001655 0.0012415 0.00047159
-0.003 -0.002 0.003 -0.0001795 0.001323 0.00044696
-0.003 -0.002 0.002 -0.00019342 0.0014009 0.00041558
-0.003 -0.002 0.001 -0.00020727 0.0014754 0.00037745
-0.003 -0.002 0 -0.00022104 0.0015464 0.00033258
-0.003 -0.002 -0.001 -0.00023473 0.0016138 0.00028096
-0.003 -0.002 -0.002 -0.00024834 0.0016778 0.00022259
-0.003 -0.002 -0.003 -0.00026187 0.0017383 0.00015747
-0.003 -0.002 -0.004 -0.00027533 0.0017953 8.5603e-05
-0.003 -0.002 -0.005 -0.00028871 0.0018488 6.9892e-06
-0.003 -0.001 -0.005 -0.00024936 0.0016648 -2.625e-05
-0.003 -0.001 -0.004 -0.00023899 0.0016229 4.2263e-05
-0.003 -0.001 -0.003 -0.00022838 0.0015775 0.00010544
-0.003 -0.001 -0.002 -0.00021755 0.0015285 0.00016329
-0.003 -0.001 -0.001 -0.00020647 0.0014761 0.0002158
-0.003 -0.001 0 -0.00019517 0.00142 0.00026299
-0.003 -0.001 0.001 -0.00018364 0.0013605 0.00030483
-0.003 -0.001 0.002 -0.00017187 0.0012974 0.00034135
-0.003 -0.001 0.003 -0.00015987 0.0012307 0.00037253
-0.003 -0.001 0.004 -0.00014763 0.0011606 0.00039838
-0.003 -0.001 0.005 -0.00013517 0.0010869 0.0004189
-0.003 0 0.005 -0.00012085 0.0010204 0.0003563
-0.003 0 0.004 -0.0001316 0.0010842 0.00033396
-0.003 0 0.003 -0.00014206 0.0011445 0.00030746
-0.003 0 0.002 -0.00015223 0.0012013 0.00027678
-0.003 0 0.001 -0.00016211 0.0012546 0.00024195
-0.003 0 0 -0.00017169 0.0013044 0.00020295
-0.003 0 -0.001 -0.00018099 0.0013507 0.00015978
-0.003 0 -0.002 -0.00018998 0.0013935 0.00011244
-0.003 0 -0.003 -0.00019869 0.0014329 6.0944e-05
-0.003 0 -0.004 -0.0002071 0.0014687 5.2796e-06
-0.003 0 -0.005 -0.00021522 0.001501 -5.4551e-05
-0.003 0.001 -0.005 -0.00018627 0.0013574 -7.7912e-05
-0.003 0.001 -0.004 -0.00017965 0.0013326 -2.5346e-05
-0.003 0.001 -0.003 -0.00017278 0.0013044 2.3974e-05
-0.003 0.001 -0.002 -0.00016565 0.0012728 7.0048e-05
-0.003 0.001 -0.001 -0.00015826 0.0012379 0.00011288
-0.003 0.001 0 -0.00015061 0.0011995 0.00015246
-0.003 0.001 0.001 -0.00014269 0.0011578 0.00018879
-0.003 0.001 0.002 -0.00013452 0.0011127 0.00022188
-0.003 0.001 0.003 -0.00012609 0.0010642 0.00025173
-0.003 0.001 0.004 -0.0001174 0.0010124 0.00027832
-0.003 0.001 0.005 -0.00010845 0.00095713 0.00030168
-0.003 0.002 0.005 -9.7986e-05 0.00089707 0.00025502
-0.003 0.002 0.004 -0.00010503 0.00094509 0.00023147
-0.003 0.002 0.003 -0.00011195 0.00098993 0.00020534
-0.003 0.002 0.002 -0.00011874 0.0010316 0.00017665
-0.003 0.002 0.001 -0.00012539 0.0010701 0.00014537
-0.003 0.002 0 -0.0001319 0.0011053 0.00011152
-0.003 0.002 -0.001 -0.00013829 0.0011374 7.5101e-05
-0.003 0.002 -0.002 -0.00014454 0.0011663 3.6104e-05
-0.003 0.002 -0.003 -0.00015066 0.0011921 -5.4674e-06
-0.003 0.002 -0.004 -0.00015665 0.0012146 -4.9613e-05
-0.003 0.002 -0.005 -0.00016251 0.001234 -9.6334e-05
-0.003 0.003 -0.005 -0.00014395 0.0011308 -0.00010982
-0.003 0.003 -0.004 -0.0001381 0.0011148 -6.7523e-05
-0.003 0.003 -0.003 -0.00013234 0.0010959 -2.7381e-05
-0.003 0.003 -0.002 -0.00012667 0.0010742 1.0611e-05
-0.003 0.003 -0.001 -0.00012109 0.0010495 4.6452e-05
-0.003 0.003 0 -0.00011559 0.0010219 8.0143e-05
-0.003 0.003 0.001 -0.00011019 0.00099135 0.00011168
-0.003 0.003 0.002 -0.00010487 0.00095794 0.00014107
-0.003 0.003 0.003 -9.964e-05 0.00092161 0.00016831
-0.003 0.003 0.004 -9.45e-05 0.00088237 0.0001934
-0.003 0.003 0.005 -8.9449e-05 0.00084022 0.00021634
-0.003 0.004 0.005 -8.2841e-05 0.00078659 0.00018563
-0.003 0.004 0.004 -8.5799e-05 0.0008242 0.00016411
-0.003 0.004 0.003 -8.916e-05 0.00085926 0.00014063
-0.003 0.004 0.002 -9.2925e-05 0.00089177 0.00011516
-0.003 0.004 0.001 -9.7093e-05 0.00092171 8.7727e-05
-0.003 0.004 0 -0.00010167 0.0009491 5.8316e-05
-0.003 0.004 -0.001 -0.00010664 0.00097394 2.693e-05
-0.003 0.004 -0.002 -0.00011202 0.00099622 -6.4307e-06
-0.003 0.004 -0.003 -0.0001178 0.0010159 -4.1766e-05
-0.003 0.004 -0.004 -0.00012399 0.0010331 -7.9075e-05
-0.003 0.004 -0.005 -0.00013058 0.0010477 -0.00011836
-0.003 0.005 -0.005 -0.00012241 0.00098487 -0.00012196
-0.003 0.005 -0.004 -0.00011433 0.00096956 -8.427e-05
-0.003 0.005 -0.003 -0.00010706 0.00095212 -4.8622e-05
-0.003 0.005 -0.002 -0.0001006 0.00093255 -1.5021e-05
-0.003 0.005 -0.001 -9.4958e-05 0.00091087 1.6533e-05
-0.003 0.005 0 -9.0127e-05 0.00088706 4.6042e-05
-0.003 0.005 0.001 -8.6109e-05 0.00086113 7.3503e-05
-0.003 0.005 0.002 -8.2903e-05 0.00083307 9.8919e-05
-0.003 0.005 0.003 -8.051e-05 0.00080289 0.00012229
-0.003 0.005 0.004 -7.893e-05 0.00077059 0.00014361
-0.003 0.005 0.005 -7.8162e-05 0.00073616 0.00016289
-0.002 0.005 0.005 -4.9241e-05 0.00074565 0.00016622
-0.002 0.005 0.004 -4.9725e-05 0.00077999 0.00014734
-0.002 0.005 0.003 -5.0686e-05 0.00081233 0.00012635
-0.002 0.005 0.002 -5.2124e-05 0.00084268 0.00010325
-0.002 0.005 0.001 -5.4039e-05 0.00087103 7.8043e-05
-0.002 0.005 0 -5.643e-05 0.00089738 5.0732e-05
-0.002 0.005 -0.001 -5.9299e-05 0.00092173 2.1314e-05
-0.002 0.005 -0.002 -6.2644e-05 0.00094408 -1.021e-05
-0.002 0.005 -0.003 -6.6466e-05 0.00096444 -4.3841e-05
-0.002 0.005 -0.004 -7.0765e-05 0.0009828 -7.9578e-05
-0.002 0.005 -0.005 -7.554e-05 0.00099916 -0.00011742
-0.002 0.004 -0.005 -8.0759e-05 0.0010624 -0.00011415
-0.002 0.004 -0.004 -7.6992e-05 0.0010471 -7.4536e-05
-0.002 0.004 -0.003 -7.3419e-05 0.0010292 -3.6978e-05
-0.002 0.004 -0.002 -7.004e-05 0.0010088 -1.4805e-06
-0.002 0.004 -0.001 -6.6854e-05 0.0009859 3.1956e-05
-0.002 0.004 0 -6.3862e-05 0.00096043 6.3333e-05
-0.002 0.004 0.001 -6.1064e-05 0.0009324 9.2649e-05
-0.002 0.004 0.002 -5.8459e-05 0.00090183 0.0001199
-0.002 0.004 0.003 -5.6048e-05 0.00086872 0.0001451
-0.002 0.004 0.004 -5.383e-05 0.00083306 0.00016823
-0.002 0.004 0.005 -5.1806e-05 0.00079486 0.00018931
-0.002 0.003 0.005 -5.5765e-05 0.00084775 0.00022062
-0.002 0.003 0.004 -5.9251e-05 0.00089104 0.00019817
-0.002 0.003 0.003 -6.2705e-05 0.00093135 0.00017347
-0.002 0.003 0.002 -6.6128e-05 0.00096868 0.00014651
-0.002 0.003 0.001 -6.9519e-05 0.001003 0.00011729
-0.002 0.003 0 -7.2879e-05 0.0010344 8.5814e-05
-0.002 0.003 -0.001 -7.6207e-05 0.0010628 5.2078e-05
-0.002 0.003 -0.002 -7.9503e-05 0.0010882 1.6082e-05
-0.002 0.003 -0.003 -8.2768e-05 0.0011106 -2.2172e-05
-0.002 0.003 -0.004 -8.6001e-05 0.0011301 -6.2685e-05
-0.002 0.003 -0.005 -8.9202e-05 0.0011465 -0.00010546
-0.002 0.002 -0.005 -0.00010087 0.0012517 -9.1332e-05
-0.002 0.002 -0.004 -9.779e-05 0.0012318 -4.4027e-05
-0.002 0.002 -0.003 -9.4511e-05 0.0012087 5.761e-07
-0.002 0.002 -0.002 -9.1033e-05 0.0011822 4.2478e-05
-0.002 0.002 -0.001 -8.7356e-05 0.0011524 8.1678e-05
-0.002 0.002 0 -8.348e-05 0.0011193 0.00011818
-0.002 0.002 0.001 -7.9405e-05 0.0010829 0.00015197
-0.002 0.002 0.002 -7.5131e-05 0.0010432 0.00018307
-0.002 0.002 0.003 -7.0659e-05 0.0010002 0.00021146
-0.002 0.002 0.004 -6.5987e-05 0.00095393 0.00023715
-0.002 0.002 0.005 -6.1116e-05 0.00090432 0.00026014
-0.002 0.001 0.005 -6.786e-05 0.00096458 0.0003079
-0.002 0.001 0.004 -7.4038e-05 0.0010217 0.00028518
-0.002 0.001 0.003 -7.9908e-05 0.0010754 0.00025907
-0.002 0.001 0.002 -8.5469e-05 0.0011255 0.00022958
-0.002 0.001 0.001 -9.0722e-05 0.0011721 0.00019669
-0.002 0.001 0 -9.5666e-05 0.0012151 0.00016042
-0.002 0.001 -0.001 -0.0001003 0.0012547 0.00012076
-0.002 0.001 -0.002 -0.00010463 0.0012908 7.7706e-05
-0.002 0.001 -0.003 -0.00010865 0.0013233 3.1267e-05
-0.002 0.001 -0.004 -0.00011236 0.0013523 -1.8561e-05
-0.002 0.001 -0.005 -0.00011576 0.0013778 -7.1777e-05
-0.002 0 -0.005 -0.00013388 0.0015249 -4.6793e-05
-0.002 0 -0.004 -0.00012971 0.0014916 1.3714e-05
-0.002 0 -0.003 -0.00012518 0.0014546 6.9901e-05
-0.002 0 -0.002 -0.00012029 0.001414 0.00012177
-0.002 0 -0.001 -0.00011504 0.0013697 0.00016931
-0.002 0 0 -0.00010944 0.0013219 0.00021254
-0.002 0 0.001 -0.00010347 0.0012705 0.00025145
-0.002 0 0.002 -9.714e-05 0.0012154 0.00028603
-0.002 0 0.003 -9.0452e-05 0.0011567 0.0003163
-0.002 0 0.004 -8.3404e-05 0.0010944 0.00034224
-0.002 0 0.005 -7.5997e-05 0.0010285 0.00036387
-0.002 -0.001 0.005 -8.5526e-05 0.0010961 0.00042807
-0.002 -0.001 0.004 -9.4086e-05 0.001172 0.00040835
-0.002 -0.001 0.003 -0.00010229 0.0012443 0.00038315
-0.002 -0.001 0.002 -0.00011015 0.001313 0.00035244
-0.002 -0.001 0.001 -0.00011765 0.0013781 0.00031624
-0.002 -0.001 0 -0.00012479 0.0014396 0.00027454
-0.002 -0.001 -0.001 -0.00013158 0.0014975 0.00022735
-0.002 -0.001 -0.002 -0.00013802 0.0015518 0.00017466
-0.002 -0.001 -0.003 -0.00014411 0.0016025 0.00011648
-0.002 -0.001 -0.004 -0.00014984 0.0016495 5.2796e-05
-0.002 -0.001 -0.005 -0.00015522 0.001693 -1.6381e-05
-0.002 -0.002 -0.005 -0.00017979 0.0018821 1.9461e-05
-0.002 -0.002 -0.004 -0.00017276 0.0018262 9.8687e-05
-0.002 -0.002 -0.003 -0.00016543 0.001767 0.000171
-0.002 -0.002 -0.002 -0.00015782 0.0017042 0.00023639
-0.002 -0.002 -0.001 -0.00014992 0.0016379 0.00029487
-0.002 -0.002 0 -0.00014173 0.0015682 0.00034643
-0.002 -0.002 0.001 -0.00013325 0.001495 0.00039107
-0.002 -0.002 0.002 -0.00012448 0.0014183 0.0004288
-0.002 -0.002 0.003 -0.00011543 0.0013382 0.00045961
-0.002 -0.002 0.004 -0.00010608 0.0012545 0.00048351
-0.002 -0.002 0.005 -9.6449e-05 0.0011674 0.00050048
-0.002 -0.003 0.005 -0.00010876 0.0012424 0.00058112
-0.002 -0.003 0.004 -0.0001194 0.001342 0.0005677
-0.002 -0.003 0.003 -0.00012986 0.0014383 0.00054569
-0.002 -0.003 0.002 -0.00014016 0.0015314 0.00051511
-0.002 -0.003 0.001 -0.00015029 0.0016212 0.00047594
-0.002 -0.003 0 -0.00016026 0.0017078 0.00042819
-0.002 -0.003 -0.001 -0.00017005 0.0017911 0.00037186
-0.002 -0.003 -0.002 -0.00017969 0.0018712 0.00030695
-0.002 -0.003 -0.003 -0.00018915 0.0019481 0.00023346
-0.002 -0.003 -0.004 -0.00019845 0.0020217 0.00015139
-0.002 -0.003 -0.005 -0.00020758 0.0020921 6.0731e-05
-0.002 -0.004 -0.005 -0.0002386 0.0023231 0.00010743
-0.002 -0.004 -0.004 -0.00022692 0.0022359 0.00021089
-0.002 -0.004 -0.003 -0.00021526 0.0021458 0.00030386
-0.002 -0.004 -0.002 -0.00020362 0.0020529 0.00038634
-0.002 -0.004 -0.001 -0.00019198 0.001957 0.00045833
-0.002 -0.004 0 -0.00018036 0.0018583 0.00051983
-0.002 -0.004 0.001 -0.00016876 0.0017566 0.00057085
-0.002 -0.004 0.002 -0.00015717 0.0016521 0.00061137
-0.002 -0.004 0.003 -0.00014559 0.0015446 0.0006414
-0.002 -0.004 0.004 -0.00013402 0.0014343 0.00066094
-0.002 -0.004 0.005 -0.00012247 0.0013211 0.00066999
-0.002 -0.005 0.005 -0.00013757 0.0014034 0.00076707
-0.002 -0.005 0.004 -0.00014997 0.0015315 0.00076322
-0.002 -0.005 0.003 -0.00016261 0.0016572 0.00074672
-0.002 -0.005 0.002 -0.00017551 0.0017805 0.00071757
-0.002 -0.005 0.001 -0.00018866 0.0019013 0.00067579
-0.002 -0.005 0 -0.00020206 0.0020197 0.00062136
-0.002 -0.005 -0.001 -0.00021571 0.0021356 0.00055429
-0.002 -0.005 -0.002 -0.00022961 0.0022491 0.00047457
-0.002 -0.005 -0.003 -0.00024377 0.0023602 0.00038221
-0.002 -0.005 -0.004 -0.00025818 0.0024689 0.00027721
-0.002 -0.005 -0.005 -0.00027284 0.0025751 0.00015956
-0.001 -0.005 -0.005 -0.00010939 0.0026045 0.00017314
-0.001 -0.005 -0.004 -0.00010642 0.0024953 0.00029097
-0.001 -0.005 -0.003 -0.00010309 0.0023839 0.00039606
-0.001 -0.005 -0.002 -9.9403e-05 0.0022704 0.0004884
-0.001 -0.005 -0.001 -9.5357e-05 0.0021546 0.000568
-0.001 -0.005 0 -9.0953e-05 0.0020366 0.00063484
-0.001 -0.005 0.001 -8.619e-05 0.0019164 0.00068894
-0.001 -0.005 0.002 -8.1069e-05 0.001794 0.0007303
-0.001 -0.005 0.003 -7.5589e-05 0.0016694 0.0007589
-0.001 -0.005 0.004 -6.9752e-05 0.0015427 0.00077476
-0.001 -0.005 0.005 -6.3556e-05 0.0014137 0.00077787
-0.001 -0.004 0.005 -5.5488e-05 0.0013296 0.00067919
-0.001 -0.004 0.004 -6.1353e-05 0.0014439 0.0006708
-0.001 -0.004 0.003 -6.6806e-05 0.0015554 0.00065182
-0.001 -0.004 0.002 -7.1846e-05 0.0016642 0.00062225
-0.001 -0.004 0.001 -7.6473e-05 0.0017702 0.0005821
-0.001 -0.004 0 -8.0688e-05 0.0018735 0.00053135
-0.001 -0.004 -0.001 -8.449e-05 0.001974 0.00047001
-0.001 -0.004 -0.002 -8.788e-05 0.0020718 0.00039808
-0.001 -0.004 -0.003 -9.0857e-05 0.0021668 0.00031556
-0.001 -0.004 -0.004 -9.3422e-05 0.002259 0.00022245
-0.001 -0.004 -0.005 -9.5574e-05 0.0023485 0.00011874
-0.001 -0.003 -0.005 -8.3043e-05 0.0021138 7.0037e-05
-0.001 -0.003 -0.004 -8.1558e-05 0.0020417 0.00016097
-0.001 -0.003 -0.003 -7.963e-05 0.0019664 0.00024323
-0.001 -0.003 -0.002 -7.7259e-05 0.001888 0.00031681
-0.001 -0.003 -0.001 -7.4446e-05 0.0018063 0.00038171
-0.001 -0.003 0 -7.1189e-05 0.0017215 0.00043793
-0.001 -0.003 0.001 -6.749e-05 0.0016334 0.00048548
-0.001 -0.003 0.002 -6.3349e-05 0.0015422 0.00052435
-0.001 -0.003 0.003 -5.8764e-05 0.0014478 0.00055454
-0.001 -0.003 0.004 -5.3737e-05 0.0013502 0.00057605
-0.001 -0.003 0.005 -4.8267e-05 0.0012494 0.00058888
-0.001 -0.002 0.005 -4.1891e-05 0.0011733 0.00050695
-0.001 -0.002 0.004 -4.6902e-05 0.0012617 0.0004905
-0.001 -0.002 0.003 -5.1464e-05 0.0013466 0.00046704
-0.001 -0.002 0.002 -5.5577e-05 0.0014281 0.00043657
-0.001 -0.002 0.001 -5.9242e-05 0.001506 0.00039909
-0.001 -0.002 0 -6.2457e-05 0.0015805 0.0003546
-0.001 -0.002 -0.001 -6.5224e-05 0.0016515 0.0003031
-0.001 -0.002 -0.002 -6.7541e-05 0.001719 0.00024459
-0.001 -0.002 -0.003 -6.941e-05 0.001783 0.00017908
-0.001 -0.002 -0.004 -7.0829e-05 0.0018435 0.00010655
-0.001 -0.002 -0.005 -7.18e-05 0.0019005 2.7016e-05
-0.001 -0.001 -0.005 -6.1845e-05 0.0017087 -1.0319e-05
-0.001 -0.001 -0.004 -6.1236e-05 0.0016644 5.9185e-05
-0.001 -0.001 -0.003 -6.0197e-05 0.0016164 0.0001231
-0.001 -0.001 -0.002 -5.8726e-05 0.0015648 0.00018144
-0.001 -0.001 -0.001 -5.6824e-05 0.0015095 0.00023419
-0.001 -0.001 0 -5.4491e-05 0.0014506 0.00028135
-0.001 -0.001 0.001 -5.1727e-05 0.001388 0.00032293
-0.001 -0.001 0.002 -4.8532e-05 0.0013217 0.00035893
-0.001 -0.001 0.003 -4.4906e-05 0.0012518 0.00038934
-0.001 -0.001 0.004 -4.0849e-05 0.0011783 0.00041416
-0.001 -0.001 0.005 -3.636e-05 0.001101 0.0004334
-0.001 0 0.005 -3.1676e-05 0.0010328 0.00036822
-0.001 0 0.004 -3.5577e-05 0.0011 0.00034703
-0.001 0 0.003 -3.909e-05 0.0011635 0.00032142
-0.001 0 0.002 -4.2213e-05 0.0012232 0.00029142
-0.001 0 0.001 -4.4947e-05 0.0012793 0.000257
-0.001 0 0 -4.7292e-05 0.0013317 0.00021819
-0.001 0 -0.001 -4.9247e-05 0.0013804 0.00017497
-0.001 0 -0.002 -5.0814e-05 0.0014254 0.00012734
-0.001 0 -0.003 -5.1991e-05 0.0014667 7.5308e-05
-0.001 0 -0.004 -5.2779e-05 0.0015043 1.8872e-05
-0.001 0 -0.005 -5.3178e-05 0.0015382 -4.1968e-05
-0.001 0.001 -0.005 -4.5798e-05 0.0013892 -6.7931e-05
-0.001 0.001 -0.004 -4.5457e-05 0.0013633 -1.4387e-05
-0.001 0.001 -0.003 -4.4792e-05 0.0013339 3.5689e-05
-0.001 0.001 -0.002 -4.3804e-05 0.0013008 8.2296e-05
-0.001 0.001 -0.001 -4.2493e-05 0.0012642 0.00012543
-0.001 0.001 0 -4.0858e-05 0.0012239 0.0001651
-0.001 0.001 0.001 -3.8901e-05 0.00118 0.00020131
-0.001 0.001 0.002 -3.662e-05 0.0011326 0.00023404
-0.001 0.001 0.003 -3.4015e-05 0.0010815 0.0002633
-0.001 0.001 0.004 -3.1088e-05 0.0010268 0.0002891
-0.001 0.001 0.005 -2.7837e-05 0.00096855 0.00031142
-0.001 0.002 0.005 -2.4844e-05 0.00090826 0.000263
-0.001 0.002 0.004 -2.738e-05 0.00095878 0.00024038
-0.001 0.002 0.003 -2.9683e-05 0.0010059 0.00021497
-0.001 0.002 0.002 -3.1752e-05 0.0010497 0.00018679
-0.001 0.002 0.001 -3.3589e-05 0.0010901 0.00015584
-0.001 0.002 0 -3.5191e-05 0.0011271 0.00012211
-0.001 0.002 -0.001 -3.6561e-05 0.0011608 8.5596e-05
-0.001 0.002 -0.002 -3.7697e-05 0.001191 4.631e-05
-0.001 0.002 -0.003 -3.86e-05 0.0012179 4.2478e-06
-0.001 0.002 -0.004 -3.927e-05 0.0012415 -4.0592e-05
-0.001 0.002 -0.005 -3.9707e-05 0.0012616 -8.8208e-05
-0.001 0.003 -0.005 -3.4903e-05 0.0011554 -0.0001028
-0.001 0.003 -0.004 -3.4219e-05 0.0011386 -5.9743e-05
-0.001 0.003 -0.003 -3.3416e-05 0.0011189 -1.9016e-05
-0.001 0.003 -0.002 -3.2494e-05 0.0010961 1.9381e-05
-0.001 0.003 -0.001 -3.1452e-05 0.0010702 5.545e-05
-0.001 0.003 0 -3.0291e-05 0.0010414 8.919e-05
-0.001 0.003 0.001 -2.901e-05 0.0010095 0.0001206
-0.001 0.003 0.002 -2.7611e-05 0.00097468 0.00014968
-0.001 0.003 0.003 -2.6092e-05 0.00093678 0.00017644
-0.001 0.003 0.004 -2.4454e-05 0.00089587 0.00020086
-0.001 0.003 0.005 -2.2696e-05 0.00085194 0.00022296
-0.001 0.004 0.005 -2.1394e-05 0.00079959 0.00019129
-0.001 0.004 0.004 -2.2309e-05 0.00083808 0.00017055
-0.001 0.004 0.003 -2.3243e-05 0.00087404 0.00014769
-0.001 0.004 0.002 -2.4195e-05 0.00090747 0.0001227
-0.001 0.004 0.001 -2.5167e-05 0.00093837 9.5593e-05
-0.001 0.004 0 -2.6156e-05 0.00096674 6.6357e-05
-0.001 0.004 -0.001 -2.7165e-05 0.00099257 3.4996e-05
-0.001 0.004 -0.002 -2.8192e-05 0.0010159 1.5089e-06
-0.001 0.004 -0.003 -2.9239e-05 0.0010366 -3.4103e-05
-0.001 0.004 -0.004 -3.0303e-05 0.0010549 -7.184e-05
-0.001 0.004 -0.005 -3.1387e-05 0.0010706 -0.0001117
-0.001 0.005 -0.005 -2.9159e-05 0.0010072 -0.00011492
-0.001 0.005 -0.004 -2.7523e-05 0.00099022 -7.6884e-05
-0.001 0.005 -0.003 -2.6068e-05 0.00097131 -4.1012e-05
-0.001 0.005 -0.002 -2.4794e-05 0.00095049 -7.3068e-06
-0.001 0.005 -0.001 -2.3701e-05 0.00092776 2.4233e-05
-0.001 0.005 0 -2.2788e-05 0.00090312 5.3607e-05
-0.001 0.005 0.001 -2.2057e-05 0.00087656 8.0816e-05
-0.001 0.005 0.002 -2.1506e-05 0.00084809 0.00010586
-0.001 0.005 0.003 -2.1136e-05 0.00081771 0.00012874
-0.001 0.005 0.004 -2.0947e-05 0.00078542 0.00014945
-0.001 0.005 0.005 -2.0938e-05 0.00075121 0.00016799
0 0.005 0.005 6.7452e-06 0.00075284 0.0001682
0 0.005 0.004 7.4053e-06 0.00078687 0.00014994
0 0.005 0.003 8.1407e-06 0.00081903 0.00012946
0 0.005 0.002 8.9514e-06 0.00084931 0.00010675
0 0.005 0.001 9.8374e-06 0.00087774 8.1821e-05
0 0.005 0 1.0799e-05 0.00090429 5.4668e-05
0 0.005 -0.001 1.1835e-05 0.00092897 2.529e-05
0 0.005 -0.002 1.2947e-05 0.00095178 -6.3113e-06
0 0.005 -0.003 1.4135e-05 0.00097273 -4.0137e-05
0 0.005 -0.004 1.5397e-05 0.0009918 -7.6187e-05
0 0.005 -0.005 1.6735e-05 0.001009 -0.00011446
0 0.004 -0.005 1.7535e-05 0.0010724 -0.00011101
0 0.004 -0.004 1.6077e-05 0.0010566 -7.0989e-05
0 0.004 -0.003 1.4739e-05 0.0010382 -3.3141e-05
0 0.004 -0.002 1.3523e-05 0.0010173 2.5376e-06
0 0.004 -0.001 1.2427e-05 0.00099394 3.6047e-05
0 0.004 0 1.1452e-05 0.00096804 6.7388e-05
0 0.004 0.001 1.0599e-05 0.00093962 9.656e-05
0 0.004 0.002 9.8664e-06 0.00090868 0.00012356
0 0.004 0.003 9.2549e-06 0.00087523 0.0001484
0 0.004 0.004 8.7645e-06 0.00083926 0.00017106
0 0.004 0.005 8.3951e-06 0.00080077 0.00019156
0 0.003 0.005 9.7573e-06 0.00085278 0.00022336
0 0.003 0.004 9.8915e-06 0.00089685 0.00020146
0 0.003 0.003 1.02e-05 0.0009379 0.0001772
0 0.003 0.002 1.0683e-05 0.00097591 0.00015059
0 0.003 0.001 1.1341e-05 0.0010109 0.00012161
0 0.003 0 1.2173e-05 0.0010429 9.027e-05
0 0.003 -0.001 1.318e-05 0.0010718 5.657e-05
0 0.003 -0.002 1.4361e-05 0.0010977 2.0509e-05
0 0.003 -0.003 1.5717e-05 0.0011206 -1.7913e-05
0 0.003 -0.004 1.7247e-05 0.0011405 -5.8696e-05
0 0.003 -0.005 1.8951e-05 0.0011573 -0.00010184
0 0.002 -0.005 2.0983e-05 0.0012637 -8.6962e-05
0 0.002 -0.004 1.8907e-05 0.0012435 -3.9307e-05
0 0.002 -0.003 1.7067e-05 0.0012199 5.5477e-06
0 0.002 -0.002 1.5463e-05 0.0011929 4.7603e-05
0 0.002 -0.001 1.4094e-05 0.0011626 8.6858e-05
0 0.002 0 1.2961e-05 0.0011288 0.00012331
0 0.002 0.001 1.2064e-05 0.0010916 0.00015697
0 0.002 0.002 1.1403e-05 0.001051 0.00018782
0 0.002 0.003 1.0977e-05 0.001007 0.00021588
0 0.002 0.004 1.0786e-05 0.00095965 0.00024113
0 0.002 0.005 1.0832e-05 0.00090887 0.00026359
0 0.001 0.005 1.1619e-05 0.00096904 0.00031226
0 0.001 0.004 1.1449e-05 0.0010277 0.00029008
0 0.001 0.003 1.1584e-05 0.0010826 0.00026442
0 0.001 0.002 1.2024e-05 0.001134 0.00023527
0 0.001 0.001 1.2768e-05 0.0011817 0.00020264
0 0.001 0 1.3817e-05 0.0012258 0.00016652
0 0.001 -0.001 1.517e-05 0.0012662 0.00012691
0 0.001 -0.002 1.6828e-05 0.001303 8.3819e-05
0 0.001 -0.003 1.8791e-05 0.0013361 3.7241e-05
0 0.001 -0.004 2.1058e-05 0.0013657 -1.2824e-05
0 0.001 -0.005 2.363e-05 0.0013915 -6.6374e-05
0 0 -0.005 2.6893e-05 0.0015409 -4.0075e-05
0 0 -0.004 2.3699e-05 0.001507 2.0755e-05
0 0 -0.003 2.0887e-05 0.0014693 7.7166e-05
0 0 -0.002 1.8457e-05 0.0014279 0.00012916
0 0 -0.001 1.6407e-05 0.0013827 0.00017673
0 0 0 1.4739e-05 0.0013338 0.00021988
0 0 0.001 1.3453e-05 0.0012812 0.00025862
0 0 0.002 1.2547e-05 0.0012248 0.00029293
0 0 0.003 1.2023e-05 0.0011647 0.00032283
0 0 0.004 1.188e-05 0.0011009 0.00034831
0 0 0.005 1.2118e-05 0.0010333 0.00036936
0 -0.001 0.005 1.233e-05 0.0011016 0.0004349
0 -0.001 0.004 1.2078e-05 0.0011793 0.0004158
0 -0.001 0.003 1.2292e-05 0.0012533 0.0003911
0 -0.001 0.002 1.2972e-05 0.0013235 0.00036081
0 -0.001 0.001 1.4118e-05 0.0013901 0.00032491
0 -0.001 0 1.5729e-05 0.001453 0.00028341
0 -0.001 -0.001 1.7806e-05 0.0015121 0.00023631
0 -0.001 -0.002 2.0349e-05 0.0015676 0.00018362
0 -0.001 -0.003 2.3357e-05 0.0016194 0.00012532
0 -0.001 -0.004 2.6831e-05 0.0016674 6.1428e-05
0 -0.001 -0.005 3.0771e-05 0.0017118 -8.0659e-06
0 -0.002 -0.005 3.5266e-05 0.0019042 2.9654e-05
0 -0.002 -0.004 3.0454e-05 0.001847 0.0001092
0 -0.002 -0.003 2.62e-05 0.0017864 0.00018171
0 -0.002 -0.002 2.2504e-05 0.0017222 0.0002472
0 -0.002 -0.001 1.9366e-05 0.0016544 0.00030566
0 -0.002 0 1.6786e-05 0.0015832 0.0003571
0 -0.002 0.001 1.4764e-05 0.0015084 0.00040151
0 -0.002 0.002 1.33e-05 0.0014301 0.00043889
0 -0.002 0.003 1.2393e-05 0.0013483 0.00046925
0 -0.002 0.004 1.2045e-05 0.0012629 0.00049257
0 -0.002 0.005 1.2254e-05 0.001174 0.00050888
0 -0.003 0.005 1.189e-05 0.0012505 0.00059128
0 -0.003 0.004 1.1779e-05 0.0013518 0.00057862
0 -0.003 0.003 1.2325e-05 0.0014498 0.00055725
0 -0.003 0.002 1.3529e-05 0.0015446 0.00052719
0 -0.003 0.001 1.5391e-05 0.0016361 0.00048842
0 -0.003 0 1.7911e-05 0.0017245 0.00044095
0 -0.003 -0.001 2.1088e-05 0.0018096 0.00038478
0 -0.003 -0.002 2.4923e-05 0.0018916 0.00031991
0 -0.003 -0.003 2.9416e-05 0.0019703 0.00024634
0 -0.003 -0.004 3.4567e-05 0.0020458 0.00016406
0 -0.003 -0.005 4.0376e-05 0.002118 7.3086e-05
0 -0.004 -0.005 4.6101e-05 0.0023534 0.00012223
0 -0.004 -0.004 3.9171e-05 0.0022636 0.00022602
0 -0.004 -0.003 3.3005e-05 0.0021711 0.00031919
0 -0.004 -0.002 2.7605e-05 0.0020758 0.00040174
0 -0.004 -0.001 2.2971e-05 0.0019777 0.00047366
0 -0.004 0 1.9102e-05 0.0018769 0.00053496
0 -0.004 0.001 1.5999e-05 0.0017733 0.00058564
0 -0.004 0.002 1.3661e-05 0.0016669 0.0006257
0 -0.004 0.003 1.2088e-05 0.0015577 0.00065513
0 -0.004 0.004 1.1281e-05 0.0014458 0.00067394
0 -0.004 0.005 1.1239e-05 0.0013311 0.00068213
0 -0.005 0.005 1.03e-05 0.0014157 0.00078141
0 -0.005 0.004 1.0551e-05 0.001545 0.00077854
0 -0.005 0.003 1.1682e-05 0.0016721 0.00076287
0 -0.005 0.002 1.3694e-05 0.0017971 0.00073442
0 -0.005 0.001 1.6587e-05 0.0019198 0.00069317
0 -0.005 0 2.0361e-05 0.0020403 0.00063914
0 -0.005 -0.001 2.5016e-05 0.0021587 0.00057231
0 -0.005 -0.002 3.0551e-05 0.0022749 0.00049269
0 -0.005 -0.003 3.6967e-05 0.0023888 0.00040028
0 -0.005 -0.004 4.4265e-05 0.0025006 0.00029507
0 -0.005 -0.005 5.2443e-05 0.0026103 0.00017708
0.001 -0.005 -0.005 0.00021266 0.0025922 0.00017138
0.001 -0.005 -0.004 0.00019388 0.0024848 0.00028951
0.001 -0.005 -0.003 0.0001764 0.0023749 0.00039485
0.001 -0.005 -0.002 0.00016025 0.0022627 0.00048742
0.001 -0.005 -0.001 0.00014541 0.002148 0.00056722
0.001 -0.005 0 0.00013188 0.0020309 0.00063423
0.001 -0.005 0.001 0.00011967 0.0019115 0.00068848
0.001 -0.005 0.002 0.00010878 0.0017896 0.00072994
0.001 -0.005 0.003 9.9204e-05 0.0016653 0.00075863
0.001 -0.005 0.004 9.0943e-05 0.0015386 0.00077454
0.001 -0.005 0.005 8.3997e-05 0.0014096 0.00077768
0.001 -0.004 0.005 7.7712e-05 0.0013256 0.00067881
0.001 -0.004 0.004 8.388e-05 0.00144 0.00067036
0.001 -0.004 0.003 9.1094e-05 0.0015515 0.00065132
0.001 -0.004 0.002 9.9353e-05 0.0016601 0.00062169
0.001 -0.004 0.001 0.00010866 0.0017657 0.00058148
0.001 -0.004 0 0.00011901 0.0018684 0.00053068
0.001 -0.004 -0.001 0.0001304 0.0019681 0.0004693
0.001 -0.004 -0.002 0.00014284 0.002065 0.00039732
0.001 -0.004 -0.003 0.00015632 0.0021589 0.00031476
0.001 -0.004 -0.004 0.00017085 0.0022499 0.00022161
0.001 -0.004 -0.005 0.00018643 0.0023379 0.00011788
0.001 -0.003 -0.005 0.00016267 0.0021048 6.9876e-05
0.001 -0.003 -0.004 0.00014992 0.0020339 0.00016065
0.001 -0.003 -0.003 0.00013799 0.0019596 0.00024278
0.001 -0.003 -0.002 0.00012686 0.001882 0.00031625
0.001 -0.003 -0.001 0.00011655 0.0018011 0.00038108
0.001 -0.003 0 0.00010704 0.0017168 0.00043725
0.001 -0.003 0.001 9.8354e-05 0.0016292 0.00048477
0.001 -0.003 0.002 9.0475e-05 0.0015383 0.00052364
0.001 -0.003 0.003 8.3407e-05 0.0014441 0.00055385
0.001 -0.003 0.004 7.7152e-05 0.0013466 0.00057542
0.001 -0.003 0.005 7.1708e-05 0.0012457 0.00058833
0.001 -0.002 0.005 6.5985e-05 0.0011698 0.00050625
0.001 -0.002 0.004 7.0756e-05 0.0012583 0.00048973
0.001 -0.002 0.003 7.6144e-05 0.0013432 0.00046623
0.001 -0.002 0.002 8.2146e-05 0.0014245 0.00043576
0.001 -0.002 0.001 8.8765e-05 0.0015022 0.00039833
0.001 -0.002 0 9.5999e-05 0.0015763 0.00035393
0.001 -0.002 -0.001 0.00010385 0.0016468 0.00030255
0.001 -0.002 -0.002 0.00011231 0.0017137 0.00024421
0.001 -0.002 -0.003 0.0001214 0.0017771 0.0001789
0.001 -0.002 -0.004 0.00013109 0.0018368 0.00010662
0.001 -0.002 -0.005 0.00014141 0.001893 2.7376e-05
0.001 -0.001 -0.005 0.00012263 0.0017024 -9.6206e-06
0.001 -0.001 -0.004 0.00011436 0.0016587 5.9527e-05
0.001 -0.001 -0.003 0.00010655 0.0016113 0.00012313
0.001 -0.001 -0.002 9.92e-05 0.0015602 0.0001812
0.001 -0.001 -0.001 9.2307e-05 0.0015053 0.00023373
0.001 -0.001 0 8.587e-05 0.0014468 0.00028072
0.001 -0.001 0.001 7.989e-05 0.0013844 0.00032217
0.001 -0.001 0.002 7.4368e-05 0.0013184 0.00035808
0.001 -0.001 0.003 6.9303e-05 0.0012486 0.00038845
0.001 -0.001 0.004 6.4695e-05 0.0011751 0.00041328
0.001 -0.001 0.005 6.0544e-05 0.0010979 0.00043257
0.001 0 0.005 5.5385e-05 0.00103 0.00036729
0.001 0 0.004 5.8967e-05 0.0010971 0.00034608
0.001 0 0.003 6.2885e-05 0.0011605 0.00032052
0.001 0 0.002 6.714e-05 0.0012202 0.00029058
0.001 0 0.001 7.173e-05 0.0012761 0.00025629
0.001 0 0 7.6657e-05 0.0013282 0.00021763
0.001 0 -0.001 8.1919e-05 0.0013767 0.00017461
0.001 0 -0.002 8.7518e-05 0.0014214 0.00012722
0.001 0 -0.003 9.3453e-05 0.0014623 7.5474e-05
0.001 0 -0.004 9.9723e-05 0.0014995 1.9361e-05
0.001 0 -0.005 0.00010633 0.001533 -4.1115e-05
0.001 0.001 -0.005 9.2521e-05 0.0013848 -6.7106e-05
0.001 0.001 -0.004 8.7184e-05 0.0013593 -1.3872e-05
0.001 0.001 -0.003 8.2099e-05 0.0013301 3.5921e-05
0.001 0.001 -0.002 7.7267e-05 0.0012973 8.2274e-05
0.001 0.001 -0.001 7.2687e-05 0.0012608 0.00012519
0.001 0.001 0 6.8359e-05 0.0012207 0.00016466
0.001 0.001 0.001 6.4284e-05 0.0011771 0.00020069
0.001 0.001 0.002 6.0461e-05 0.0011297 0.00023328
0.001 0.001 0.003 5.6891e-05 0.0010788 0.00026243
0.001 0.001 0.004 5.3573e-05 0.0010242 0.00028813
0.001 0.001 0.005 5.0507e-05 0.00096606 0.0003104
0.001 0.002 0.005 4.591e-05 0.00090617 0.00026191
0.001 0.002 0.004 4.8512e-05 0.00095654 0.00023943
0.001 0.002 0.003 5.1319e-05 0.0010035 0.00021418
0.001 0.002 0.002 5.4333e-05 0.0010472 0.00018616
0.001 0.002 0.001 5.7553e-05 0.0010874 0.00015536
0.001 0.002 0 6.0978e-05 0.0011243 0.0001218
0.001 0.002 -0.001 6.461e-05 0.0011577 8.5461e-05
0.001 0.002 -0.002 6.8448e-05 0.0011879 4.6354e-05
0.001 0.002 -0.003 7.2492e-05 0.0012146 4.4757e-06
0.001 0.002 -0.004 7.6742e-05 0.0012379 -4.0174e-05
0.001 0.002 -0.005 8.1197e-05 0.0012579 -8.7594e-05
0.001 0.003 -0.005 7.236e-05 0.0011522 -0.00010258
0.001 0.003 -0.004 6.8396e-05 0.0011355 -5.9544e-05
0.001 0.003 -0.003 6.463e-05 0.0011159 -1.8862e-05
0.001 0.003 -0.002 6.106e-05 0.0010932 1.9465e-05
0.001 0.003 -0.001 5.7688e-05 0.0010675 5.5437e-05
0.001 0.003 0 5.4513e-05 0.0010388 8.9054e-05
0.001 0.003 0.001 5.1535e-05 0.0010071 0.00012032
0.001 0.003 0.002 4.8755e-05 0.00097239 0.00014922
0.001 0.003 0.003 4.6171e-05 0.00093469 0.00017578
0.001 0.003 0.004 4.3784e-05 0.00089399 0.00019998
0.001 0.003 0.005 4.1595e-05 0.00085029 0.00022182
0.001 0.004 0.005 3.7562e-05 0.00079841 0.00019013
0.001 0.004 0.004 3.9391e-05 0.00083659 0.00016977
0.001 0.004 0.003 4.1446e-05 0.00087227 0.00014722
0.001 0.004 0.002 4.3726e-05 0.00090546 0.00012248
0.001 0.004 0.001 4.6232e-05 0.00093614 9.5549e-05
0.001 0.004 0 4.8964e-05 0.00096433 6.6426e-05
0.001 0.004 -0.001 5.1922e-05 0.00099002 3.5112e-05
0.001 0.004 -0.002 5.5105e-05 0.0010132 1.6055e-06
0.001 0.004 -0.003 5.8514e-05 0.0010339 -3.4092e-05
0.001 0.004 -0.004 6.2148e-05 0.0010521 -7.1981e-05
0.001 0.004 -0.005 6.6009e-05 0.0010678 -0.00011206
0.001 0.005 -0.005 6.2143e-05 0.0010046 -0.00011604
0.001 0.005 -0.004 5.7997e-05 0.00098756 -7.7488e-05
0.001 0.005 -0.003 5.4143e-05 0.00096869 -4.1215e-05
0.001 0.005 -0.002 5.0581e-05 0.00094795 -7.2236e-06
0.001 0.005 -0.001 4.731e-05 0.00092535 2.4486e-05
0.001 0.005 0 4.4331e-05 0.00090088 5.3914e-05
0.001 0.005 0.001 4.1644e-05 0.00087454 8.106e-05
0.001 0.005 0.002 3.9248e-05 0.00084634 0.00010592
0.001 0.005 0.003 3.7143e-05 0.00081628 0.00012851
0.001 0.005 0.004 3.5331e-05 0.00078434 0.00014881
0.001 0.005 0.005 3.381e-05 0.00075054 0.00016683
0.002 0.005 0.005 6.0255e-05 0.00074432 0.0001639
0.002 0.005 0.004 6.283e-05 0.00077785 0.00014606
0.002 0.005 0.003 6.5872e-05 0.00080946 0.00012589
0.002 0.005 0.002 6.9383e-05 0.00083918 0.00010338
0.002 0.005 0.001 7.3362e-05 0.00086699 7.8532e-05
0.002 0.005 0 7.7809e-05 0.0008929 5.1345e-05
0.002 0.005 -0.001 8.2724e-05 0.0009169 2.182e-05
0.002 0.005 -0.002 8.8106e-05 0.000939 -1.0044e-05
0.002 0.005 -0.003 9.3957e-05 0.0009592 -4.4246e-05
0.002 0.005 -0.004 0.00010028 0.00097749 -8.0786e-05
0.002 0.005 -0.005 0.00010706 0.00099388 -0.00011966
0.002 0.004 -0.005 0.00011403 0.0010567 -0.00011487
0.002 0.004 -0.004 0.00010791 0.0010415 -7.4818e-05
0.002 0.004 -0.003 0.00010209 0.0010237 -3.6956e-05
0.002 0.004 -0.002 9.6555e-05 0.0010035 -1.2873e-06
0.002 0.004 -0.001 9.1319e-05 0.00098079 3.2189e-05
0.002 0.004 0 8.6379e-05 0.00095561 6.3472e-05
0.002 0.004 0.001 8.1734e-05 0.00092794 9.2561e-05
0.002 0.004 0.002 7.7384e-05 0.0008978 0.00011946
0.002 0.004 0.003 7.3329e-05 0.00086518 0.00014416
0.002 0.004 0.004 6.957e-05 0.00083008 0.00016667
0.002 0.004 0.005 6.6106e-05 0.00079251 0.00018699
0.002 0.003 0.005 7.2818e-05 0.00084445 0.00021835
0.002 0.003 0.004 7.7225e-05 0.00088729 0.00019641
0.002 0.003 0.003 8.182e-05 0.00092718 0.00017216
0.002 0.003 0.002 8.6603e-05 0.00096412 0.0001456
0.002 0.003 0.001 9.1572e-05 0.00099812 0.00011672
0.002 0.003 0 9.6729e-05 0.0010292 8.5543e-05
0.002 0.003 -0.001 0.00010207 0.0010573 5.2051e-05
0.002 0.003 -0.002 0.0001076 0.0010824 1.6249e-05
0.002 0.003 -0.003 0.00011332 0.0011046 -2.1864e-05
0.002 0.003 -0.004 0.00011923 0.0011239 -6.2287e-05
0.002 0.003 -0.005 0.00012532 0.0011402 -0.00010502
0.002 0.002 -0.005 0.00014094 0.0012443 -9.0105e-05
0.002 0.002 -0.004 0.00013423 0.0012248 -4.3191e-05
0.002 0.002 -0.003 0.00012767 0.001202 1.0319e-06
0.002 0.002 -0.002 0.00012126 0.0011758 4.2565e-05
0.002 0.002 -0.001 0.00011499 0.0011464 8.1407e-05
0.002 0.002 0 0.00010886 0.0011136 0.00011756
0.002 0.002 0.001 0.00010288 0.0010775 0.00015102
0.002 0.002 0.002 9.7039e-05 0.0010381 0.00018179
0.002 0.002 0.003 9.1345e-05 0.00099544 0.00020987
0.002 0.002 0.004 8.5796e-05 0.00094945 0.00023527
0.002 0.002 0.005 8.0391e-05 0.00090014 0.00025797
0.002 0.001 0.005 8.8827e-05 0.0009596 0.00030585
0.002 0.001 0.004 9.5282e-05 0.0010166 0.00028325
0.002 0.001 0.003 0.0001019 0.00107 0.00025732
0.002 0.001 0.002 0.00010869 0.0011198 0.00022805
0.002 0.001 0.001 0.00011565 0.0011661 0.00019545
0.002 0.001 0 0.00012277 0.0012089 0.00015952
0.002 0.001 -0.001 0.00013006 0.001248 0.00012026
0.002 0.001 -0.002 0.00013751 0.0012836 7.7661e-05
0.002 0.001 -0.003 0.00014513 0.0013157 3.1731e-05
0.002 0.001 -0.004 0.00015292 0.0013442 -1.7532e-05
0.002 0.001 -0.005 0.00016087 0.0013691 -7.0127e-05
0.002 0 -0.005 0.00018513 0.0015144 -4.5086e-05
0.002 0 -0.004 0.00017529 0.0014819 1.4692e-05
0.002 0 -0.003 0.0001657 0.0014458 7.0233e-05
0.002 0 -0.002 0.00015637 0.0014059 0.00012154
0.002 0 -0.001 0.00014729 0.0013623 0.0001686
0.002 0 0 0.00013846 0.001315 0.00021143
0.002 0 0.001 0.00012989 0.001264 0.00025002
0.002 0 0.002 0.00012157 0.0012092 0.00028437
0.002 0 0.003 0.0001135 0.0011508 0.00031448
0.002 0 0.004 0.00010568 0.0010887 0.00034036
0.002 0 0.005 9.8124e-05 0.0010228 0.000362
0.002 -0.001 0.005 0.00010828 0.0010898 0.00042641
0.002 -0.001 0.004 0.000117 0.0011657 0.0004066
0.002 -0.001 0.003 0.00012613 0.0012379 0.00038137
0.002 -0.001 0.002 0.00013565 0.0013063 0.00035075
0.002 -0.001 0.001 0.00014559 0.001371 0.00031472
0.002 -0.001 0 0.00015593 0.001432 0.00027328
0.002 -0.001 -0.001 0.00016668 0.0014891 0.00022644
0.002 -0.001 -0.002 0.00017783 0.0015426 0.00017419
0.002 -0.001 -0.003 0.00018939 0.0015923 0.00011654
0.002 -0.001 -0.004 0.00020135 0.0016382 5.348e-05
0.002 -0.001 -0.005 0.00021372 0.0016804 -1.4983e-05
0.002 -0.002 -0.005 0.00024662 0.001867 2.0182e-05
0.002 -0.002 -0.004 0.00023109 0.0018129 9.8832e-05
0.002 -0.002 -0.003 0.00021618 0.0017551 0.00017065
0.002 -0.002 -0.002 0.00020189 0.0016937 0.00023563
0.002 -0.002 -0.001 0.00018822 0.0016286 0.00029377
0.002 -0.002 0 0.00017518 0.0015598 0.00034508
0.002 -0.002 0.001 0.00016276 0.0014873 0.00038955
0.002 -0.002 0.002 0.00015096 0.0014111 0.00042719
0.002 -0.002 0.003 0.00013979 0.0013313 0.00045799
0.002 -0.002 0.004 0.00012923 0.0012477 0.00048196
0.002 -0.002 0.005 0.0001193 0.0011605 0.00049909
0.002 -0.003 0.005 0.00013119 0.001235 0.00058002
0.002 -0.003 0.004 0.00014238 0.0013347 0.00056644
0.002 -0.003 0.003 0.00015448 0.0014309 0.00054433
0.002 -0.003 0.002 0.00016749 0.0015236 0.00051369
0.002 -0.003 0.001 0.0001814 0.0016128 0.00047452
0.002 -0.003 0 0.00019621 0.0016985 0.00042682
0.002 -0.003 -0.001 0.00021193 0.0017806 0.0003706
0.002 -0.003 -0.002 0.00022855 0.0018593 0.00030584
0.002 -0.003 -0.003 0.00024608 0.0019344 0.00023256
0.002 -0.003 -0.004 0.00026451 0.002006 0.00015075
0.002 -0.003 -0.005 0.00028385 0.0020742 6.041e-05
0.002 -0.004 -0.005 0.0003254 0.002302 0.0001057
0.002 -0.004 -0.004 0.00030162 0.0022177 0.00020923
0.002 -0.004 -0.003 0.0002791 0.0021301 0.00030227
0.002 -0.004 -0.002 0.00025782 0.0020393 0.00038484
0.002 -0.004 -0.001 0.0002378 0.0019453 0.00045691
0.002 -0.004 0 0.00021902 0.001848 0.00051851
0.002 -0.004 0.001 0.0002015 0.0017475 0.00056962
0.002 -0.004 0.002 0.00018523 0.0016438 0.00061025
0.002 -0.004 0.003 0.00017021 0.0015368 0.00064039
0.002 -0.004 0.004 0.00015644 0.0014266 0.00066005
0.002 -0.004 0.005 0.00014393 0.0013132 0.00066923
0.002 -0.005 0.005 0.00015753 0.0013952 0.00076669
0.002 -0.005 0.004 0.00017142 0.0015235 0.00076279
0.002 -0.005 0.003 0.00018698 0.001649 0.00074618
0.002 -0.005 0.002 0.00020419 0.0017716 0.00071687
0.002 -0.005 0.001 0.00022307 0.0018914 0.00067485
0.002 -0.005 0 0.00024361 0.0020084 0.00062014
0.002 -0.005 -0.001 0.00026582 0.0021225 0.00055273
0.002 -0.005 -0.002 0.00028969 0.0022337 0.00047261
0.002 -0.005 -0.003 0.00031522 0.0023421 0.00037979
0.002 -0.005 -0.004 0.00034242 0.0024477 0.00027427
0.002 -0.005 -0.005 0.00037127 0.0025504 0.00015605
0.003 -0.005 -0.005 0.00052827 0.0024849 0.00013108
0.003 -0.005 -0.004 0.00048988 0.0023895 0.00024937
0.003 -0.005 -0.003 0.00045342 0.0022905 0.00035509
0.003 -0.005 -0.002 0.00041887 0.0021881 0.00044825
0.003 -0.005 -0.001 0.00038625 0.0020821 0.00052884
0.003 -0.005 0 0.00035555 0.0019727 0.00059686
0.003 -0.005 0.001 0.00032678 0.0018597 0.00065231
0.003 -0.005 0.002 0.00029993 0.0017432 0.00069519
0.003 -0.005 0.003 0.000275 0.0016231 0.00072551
0.003 -0.005 0.004 0.00025199 0.0014996 0.00074326
0.003 -0.005 0.005 0.00023091 0.0013725 0.00074844
0.003 -0.004 0.005 0.00020989 0.0012937 0.00065338
0.003 -0.004 0.004 0.00022897 0.0014055 0.00064302
0.003 -0.004 0.003 0.00024944 0.0015136 0.00062234
0.003 -0.004 0.002 0.0002713 0.001618 0.00059135
0.003 -0.004 0.001 0.00029453 0.0017187 0.00055005
0.003 -0.004 0 0.00031915 0.0018157 0.00049844
0.003 -0.004 -0.001 0.00034516 0.0019091 0.00043651
0.003 -0.004 -0.002 0.00037255 0.0019988 0.00036428
0.003 -0.004 -0.003 0.00040132 0.0020847 0.00028173
0.003 -0.004 -0.004 0.00043148 0.002167 0.00018886
0.003 -0.004 -0.005 0.00046303 0.0022456 8.5689e-05
0.003 -0.003 -0.005 0.00040391 0.0020261 4.4685e-05
0.003 -0.003 -0.004 0.00037834 0.0019623 0.00013435
0.003 -0.003 -0.003 0.0003537 0.0018947 0.00021568
0.003 -0.003 -0.002 0.00033 0.0018234 0.00028867
0.003 -0.003 -0.001 0.00030724 0.0017483 0.00035334
0.003 -0.003 0 0.00028541 0.0016694 0.00040967
0.003 -0.003 0.001 0.00026452 0.0015867 0.00045767
0.003 -0.003 0.002 0.00024457 0.0015003 0.00049734
0.003 -0.003 0.003 0.00022555 0.0014101 0.00052868
0.003 -0.003 0.004 0.00020747 0.0013161 0.00055169
0.003 -0.003 0.005 0.00019032 0.0012183 0.00056636
0.003 -0.002 0.005 0.00017221 0.0011461 0.00048737
0.003 -0.002 0.004 0.00018748 0.0012313 0.00046926
0.003 -0.002 0.003 0.00020332 0.0013126 0.00044453
0.003 -0.002 0.002 0.00021975 0.0013901 0.00041316
0.003 -0.002 0.001 0.00023675 0.0014638 0.00037517
0.003 -0.002 0 0.00025433 0.0015337 0.00033056
0.003 -0.002 -0.001 0.00027249 0.0015998 0.00027931
0.003 -0.002 -0.002 0.00029123 0.0016621 0.00022144
0.003 -0.002 -0.003 0.00031055 0.0017206 0.00015695
0.003 -0.002 -0.004 0.00033044 0.0017752 8.5822e-05
0.003 -0.002 -0.005 0.00035091 0.0018261 8.0709e-06
0.003 -0.001 -0.005 0.00030405 0.0016459 -2.4154e-05
0.003 -0.001 -0.004 0.0002878 0.0016059 4.3289e-05
0.003 -0.001 -0.003 0.00027186 0.0015622 0.00010553
0.003 -0.001 -0.002 0.00025623 0.0015147 0.00016258
0.003 -0.001 -0.001 0.00024092 0.0014635 0.00021444
0.003 -0.001 0 0.00022591 0.0014086 0.00026109
0.003 -0.001 0.001 0.00021122 0.0013498 0.00030255
0.003 -0.001 0.002 0.00019683 0.0012873 0.00033881
0.003 -0.001 0.003 0.00018276 0.0012211 0.00036988
0.003 -0.001 0.004 0.000169 0.0011511 0.00039575
0.003 -0.001 0.005 0.00015555 0.0010773 0.00041642
0.003 0 0.005 0.00014034 0.0010118 0.0003535
0.003 0 0.004 0.00015203 0.0010755 0.00033114
0.003 0 0.003 0.00016386 0.0011356 0.00030473
0.003 0 0.002 0.00017582 0.0011921 0.00027429
0.003 0 0.001 0.00018792 0.0012449 0.0002398
0.003 0 0 0.00020015 0.001294 0.00020128
0.003 0 -0.001 0.00021251 0.0013395 0.00015871
0.003 0 -0.002 0.00022501 0.0013814 0.0001121
0.003 0 -0.003 0.00023764 0.0014197 6.1443e-05
0.003 0 -0.004 0.00025041 0.0014543 6.7474e-06
0.003 0 -0.005 0.00026331 0.0014852 -5.199e-05
0.003 0.001 -0.005 0.00022869 0.0013443 -7.5436e-05
0.003 0.001 -0.004 0.00021827 0.0013203 -2.3802e-05
0.003 0.001 -0.003 0.00020789 0.0012929 2.467e-05
0.003 0.001 -0.002 0.00019756 0.0012621 6.998e-05
0.003 0.001 -0.001 0.00018728 0.0012278 0.00011213
0.003 0.001 0 0.00017705 0.0011901 0.00015111
0.003 0.001 0.001 0.00016686 0.0011489 0.00018694
0.003 0.001 0.002 0.00015672 0.0011043 0.0002196
0.003 0.001 0.003 0.00014663 0.0010562 0.0002491
0.003 0.001 0.004 0.00013658 0.0010046 0.00027543
0.003 0.001 0.005 0.00012658 0.00094965 0.00029861
0.003 0.002 0.005 0.00011428 0.0008908 0.00025175
0.003 0.002 0.004 0.00012264 0.00093837 0.00022864
0.003 0.002 0.003 0.00013105 0.00098275 0.00020296
0.003 0.002 0.002 0.00013952 0.0010239 0.00017473
0.003 0.002 0.001 0.00014804 0.0010619 0.00014395
0.003 0.002 0 0.0001566 0.0010968 0.0001106
0.003 0.002 -0.001 0.00016522 0.0011284 7.4696e-05
0.003 0.002 -0.002 0.00017389 0.0011568 3.6235e-05
0.003 0.002 -0.003 0.00018261 0.001182 -4.7837e-06
0.003 0.002 -0.004 0.00019138 0.0012041 -4.836e-05
0.003 0.002 -0.005 0.0002002 0.001223 -9.4493e-05
0.003 0.003 -0.005 0.00017784 0.0011213 -0.00010916
0.003 0.003 -0.004 0.00016975 0.0011056 -6.6926e-05
0.003 0.003 -0.003 0.0001618 0.001087 -2.6918e-05
0.003 0.003 -0.002 0.00015399 0.0010655 1.0861e-05
0.003 0.003 -0.001 0.00014634 0.0010412 4.6413e-05
0.003 0.003 0 0.00013882 0.001014 7.9736e-05
0.003 0.003 0.001 0.00013145 0.00098398 0.00011083
0.003 0.003 0.002 0.00012423 0.00095109 0.0001397
0.003 0.003 0.003 0.00011715 0.00091534 0.00016634
0.003 0.003 0.004 0.00011021 0.00087674 0.00019075
0.003 0.003 0.005 0.00010342 0.00083527 0.00021293
0.003 0.004 0.005 9.4027e-05 0.00078306 0.00018215
0.003 0.004 0.004 9.9301e-05 0.00081974 0.00016177
0.003 0.004 0.003 0.00010491 0.00085396 0.00013922
0.003 0.004 0.002 0.00011084 0.00088572 0.00011449
0.003 0.004 0.001 0.0001171 0.00091503 8.7596e-05
0.003 0.004 0 0.0001237 0.00094188 5.8524e-05
0.003 0.004 -0.001 0.00013062 0.00096627 2.7278e-05
0.003 0.004 -0.002 0.00013787 0.00098821 -6.1409e-06
0.003 0.004 -0.003 0.00014545 0.0010077 -4.1733e-05
0.003 0.004 -0.004 0.00015337 0.0010247 -7.95e-05
0.003 0.004 -0.005 0.00016161 0.0010393 -0.00011944
0.003 0.005 -0.005 0.0001515 0.00097694 -0.00012533
0.003 0.005 -0.004 0.00014223 0.00096159 -8.6082e-05
0.003 0.005 -0.003 0.00013358 0.00094425 -4.923e-05
0.003 0.005 -0.002 0.00012552 0.00092493 -1.4772e-05
0.003 0.005 -0.001 0.00011808 0.00090362 1.7292e-05
0.003 0.005 0 0.00011123 0.00088034 4.6962e-05
0.003 0.005 0.001 0.00010499 0.00085507 7.4237e-05
0.003 0.005 0.002 9.9358e-05 0.00082782 9.9118e-05
0.003 0.005 0.003 9.4328e-05 0.00079859 0.0001216
0.003 0.005 0.004 8.9902e-05 0.00076737 0.0001417
0.003 0.005 0.005 8.6082e-05 0.00073418 0.0001594
0.004 0.005 0.005 0.00011129 0.0007201 0.00015333
0.004 0.005 0.004 0.00011655 0.00075293 0.00013571
0.004 0.005 0.003 0.00012251 0.00078365 0.00011565
0.004 0.005 0.002 0.00012917 0.00081227 9.3137e-05
0.004 0.005 0.001 0.00013653 0.00083879 6.8175e-05
0.004 0.005 0 0.0001446 0.00086321 4.0763e-05
0.004 0.005 -0.001 0.00015337 0.00088552 1.0903e-05
0.004 0.005 -0.002 0.00016283 0.00090573 -2.1407e-05
0.004 0.005 -0.003 0.000173 0.00092384 -5.6167e-05
0.004 0.005 -0.004 0.00018387 0.00093985 -9.3376e-05
0.004 0.005 -0.005 0.00019544 0.00095376 -0.00013303
0.004 0.004 -0.005 0.00020873 0.0010154 -0.00012576
0.004 0.004 -0.004 0.00019851 0.0010018 -8.6025e-05
0.004 0.004 -0.003 0.00018862 0.0009858 -4.8424e-05
0.004 0.004 -0.002 0.00017906 0.00096734 -1.2955e-05
0.004 0.004 -0.001 0.00016982 0.00094646 2.038e-05
0.004 0.004 0 0.00016092 0.00092314 5.1583e-05
0.004 0.004 0.001 0.00015234 0.00089739 8.0652e-05
0.004 0.004 0.002 0.00014409 0.00086921 0.00010759
0.004 0.004 0.003 0.00013618 0.00083859 0.00013239
0.004 0.004 0.004 0.00012859 0.00080555 0.00015506
0.004 0.004 0.005 0.00012133 0.00077007 0.0001756
0.004 0.003 0.005 0.00013342 0.00082275 0.00020558
0.004 0.003 0.004 0.00014275 0.00086234 0.00018301
0.004 0.003 0.003 0.00015215 0.0008992 0.00015833
0.004 0.003 0.002 0.00016163 0.00093331 0.00013154
0.004 0.003 0.001 0.00017117 0.00096468 0.00010264
0.004 0.003 0 0.00018079 0.00099332 7.1634e-05
0.004 0.003 -0.001 0.00019047 0.0010192 3.8522e-05
0.004 0.003 -0.002 0.00020023 0.0010424 3.302e-06
0.004 0.003 -0.003 0.00021005 0.0010628 -3.4025e-05
0.004 0.003 -0.004 0.00021995 0.0010805 -7.346e-05
0.004 0.003 -0.005 0.00022992 0.0010954 -0.000115
0.004 0.002 -0.005 0.000259 0.0011937 -0.00010076
0.004 0.002 -0.004 0.00024819 0.0011758 -5.5679e-05
0.004 0.002 -0.003 0.00023731 0.0011548 -1.2971e-05
0.004 0.002 -0.002 0.00022635 0.0011308 2.7364e-05
0.004 0.002 -0.001 0.00021532 0.0011038 6.5327e-05
0.004 0.002 0 0.00020421 0.0010738 0.00010092
0.004 0.002 0.001 0.00019303 0.0010407 0.00013413
0.004 0.002 0.002 0.00018178 0.0010046 0.00016498
0.004 0.002 0.003 0.00017045 0.00096546 0.00019345
0.004 0.002 0.004 0.00015904 0.00092331 0.00021955
0.004 0.002 0.005 0.00014756 0.00087814 0.00024327
0.004 0.001 0.005 0.00016376 0.00093623 0.00028867
0.004 0.001 0.004 0.00017746 0.00098845 0.00026468
0.004 0.001 0.003 0.00019105 0.0010374 0.00023776
0.004 0.001 0.002 0.00020454 0.001083 0.00020791
0.004 0.001 0.001 0.00021792 0.0011254 0.00017514
0.004 0.001 0 0.00023119 0.0011644 0.00013943
0.004 0.001 -0.001 0.00024436 0.0012002 0.0001008
0.004 0.001 -0.002 0.00025742 0.0012327 5.9231e-05
0.004 0.001 -0.003 0.00027038 0.0012619 1.4738e-05
0.004 0.001 -0.004 0.00028323 0.0012878 -3.2684e-05
0.004 0.001 -0.005 0.00029597 0.0013104 -8.3035e-05
0.004 0 -0.005 0.00034084 0.0014454 -6.1826e-05
0.004 0 -0.004 0.00032507 0.0014165 -4.4734e-06
0.004 0 -0.003 0.00030927 0.001384 4.9103e-05
0.004 0 -0.002 0.00029344 0.001348 9.8903e-05
0.004 0 -0.001 0.0002776 0.0013084 0.00014493
0.004 0 0 0.00026173 0.0012654 0.00018718
0.004 0 0.001 0.00024583 0.0012188 0.00022565
0.004 0 0.002 0.00022991 0.0011686 0.00026034
0.004 0 0.003 0.00021397 0.001115 0.00029126
0.004 0 0.004 0.00019801 0.0010578 0.00031841
0.004 0 0.005 0.00018202 0.00099703 0.00034178
0.004 -0.001 0.005 0.00020233 0.0010605 0.00040259
0.004 -0.001 0.004 0.00022068 0.0011313 0.00038073
0.004 -0.001 0.003 0.00023921 0.0011982 0.00035396
0.004 -0.001 0.002 0.0002579 0.0012614 0.00032227
0.004 -0.001 0.001 0.00027677 0.0013209 0.00028567
0.004 -0.001 0 0.00029581 0.0013766 0.00024415
0.004 -0.001 -0.001 0.00031503 0.0014285 0.00019772
0.004 -0.001 -0.002 0.00033442 0.0014767 0.00014638
0.004 -0.001 -0.003 0.00035398 0.0015211 9.0123e-05
0.004 -0.001 -0.004 0.00037371 0.0015618 2.8952e-05
0.004 -0.001 -0.005 0.00039361 0.0015988 -3.7133e-05
0.004 -0.002 -0.005 0.00045428 0.0017705 -8.9566e-06
0.004 -0.002 -0.004 0.00042915 0.0017239 6.7592e-05
0.004 -0.002 -0.003 0.0004045 0.0016733 0.0001378
0.004 -0.002 -0.002 0.00038034 0.0016188 0.00020166
0.004 -0.002 -0.001 0.00035665 0.0015604 0.00025918
0.004 -0.002 0 0.00033345 0.001498 0.00031036
0.004 -0.002 0.001 0.00031074 0.0014316 0.0003552
0.004 -0.002 0.002 0.0002885 0.0013613 0.00039369
0.004 -0.002 0.003 0.00026675 0.0012871 0.00042584
0.004 -0.002 0.004 0.00024548 0.0012089 0.00045165
0.004 -0.002 0.005 0.0002247 0.0011268 0.00047111
0.004 -0.003 0.005 0.00024912 0.0011957 0.00054734
0.004 -0.003 0.004 0.00027241 0.0012907 0.00053116
0.004 -0.003 0.003 0.00029661 0.0013817 0.00050691
0.004 -0.003 0.002 0.00032172 0.0014685 0.0004746
0.004 -0.003 0.001 0.00034773 0.0015511 0.00043423
0.004 -0.003 0 0.00037465 0.0016297 0.0003858
0.004 -0.003 -0.001 0.00040248 0.0017041 0.00032931
0.004 -0.003 -0.002 0.00043121 0.0017744 0.00026475
0.004 -0.003 -0.003 0.00046085 0.0018405 0.00019213
0.004 -0.003 -0.004 0.00049139 0.0019026 0.00011145
0.004 -0.003 -0.005 0.00052284 0.0019605 2.2703e-05
0.004 -0.004 -0.005 0.0005993 0.0021689 5.7847e-05
0.004 -0.004 -0.004 0.00056043 0.002098 0.00016052
0.004 -0.004 -0.003 0.00052301 0.0020228 0.00025312
0.004 -0.004 -0.002 0.00048703 0.0019434 0.00033564
0.004 -0.004 -0.001 0.00045249 0.0018596 0.00040809
0.004 -0.004 0 0.0004194 0.0017716 0.00047047
0.004 -0.004 0.001 0.00038775 0.0016793 0.00052278
0.004 -0.004 0.002 0.00035755 0.0015827 0.00056501
0.004 -0.004 0.003 0.00032879 0.0014819 0.00059718
0.004 -0.004 0.004 0.00030147 0.0013767 0.00061926
0.004 -0.004 0.005 0.0002756 0.0012673 0.00063128
0.004 -0.005 0.005 0.00030413 0.0013417 0.00072293
0.004 -0.005 0.004 0.00033265 0.0014669 0.00071596
0.004 -0.005 0.003 0.00036327 0.0015878 0.00069663
0.004 -0.005 0.002 0.00039599 0.0017042 0.00066492
0.004 -0.005 0.001 0.0004308 0.0018162 0.00062083
0.004 -0.005 0 0.0004677 0.0019238 0.00056438
0.004 -0.005 -0.001 0.0005067 0.002027 0.00049554
0.004 -0.005 -0.002 0.0005478 0.0021258 0.00041434
0.004 -0.005 -0.003 0.00059099 0.0022201 0.00032076
0.004 -0.005 -0.004 0.00063627 0.00231 0.0002148
0.004 -0.005 -0.005 0.00068366 0.0023956 9.6475e-05
0.005 -0.005 -0.005 0.00083743 0.0022825 5.223e-05
0.005 -0.005 -0.004 0.00078159 0.0022094 0.00017057
0.005 -0.005 -0.003 0.00072794 0.0021308 0.00027678
0.005 -0.005 -0.002 0.00067647 0.0020467 0.00037088
0.005 -0.005 -0.001 0.00062717 0.001957 0.00045285
0.005 -0.005 0 0.00058006 0.0018618 0.0005227
0.005 -0.005 0.001 0.00053512 0.001761 0.00058044
0.005 -0.005 0.002 0.00049237 0.0016547 0.00062605
0.005 -0.005 0.003 0.0004518 0.0015429 0.00065953
0.005 -0.005 0.004 0.0004134 0.0014255 0.0006809
0.005 -0.005 0.005 0.00037719 0.0013026 0.00069015
0.005 -0.004 0.005 0.00034105 0.0012339 0.00060292
0.005 -0.004 0.004 0.00037393 0.0013403 0.00058879
0.005 -0.004 0.003 0.00040824 0.0014417 0.00056489
0.005 -0.004 0.002 0.00044398 0.001538 0.00053123
0.005 -0.004 0.001 0.00048115 0.0016293 0.0004878
0.005 -0.004 0 0.00051976 0.0017156 0.00043461
0.005 -0.004 -0.001 0.00055979 0.0017969 0.00037166
0.005 -0.004 -0.002 0.00060125 0.0018731 0.00029893
0.005 -0.004 -0.003 0.00064415 0.0019443 0.00021645
0.005 -0.004 -0.004 0.00068847 0.0020105 0.00012419
0.005 -0.004 -0.005 0.00073423 0.0020717 2.2174e-05
0.005 -0.003 -0.005 0.00064066 0.0018775 -5.5359e-06
0.005 -0.003 -0.004 0.00060368 0.0018269 8.2052e-05
0.005 -0.003 -0.003 0.00056751 0.0017719 0.00016192
0.005 -0.003 -0.002 0.00053217 0.0017122 0.00023407
0.005 -0.003 -0.001 0.00049764 0.001648 0.0002985
0.005 -0.003 0 0.00046392 0.0015793 0.00035521
0.005 -0.003 0.001 0.00043102 0.0015059 0.0004042
0.005 -0.003 0.002 0.00039894 0.0014281 0.00044547
0.005 -0.003 0.003 0.00036767 0.0013457 0.00047902
0.005 -0.003 0.004 0.00033721 0.0012587 0.00050486
0.005 -0.003 0.005 0.00030758 0.0011672 0.00052297
0.005 -0.002 0.005 0.00027678 0.0011023 0.00045031
0.005 -0.002 0.004 0.00030326 0.0011807 0.00042911
0.005 -0.002 0.003 0.00033007 0.0012549 0.00040193
0.005 -0.002 0.002 0.00035723 0.0013249 0.00036877
0.005 -0.002 0.001 0.00038472 0.0013909 0.00032962
0.005 -0.002 0 0.00041255 0.0014527 0.00028449
0.005 -0.002 -0.001 0.00044071 0.0015104 0.00023338
0.005 -0.002 -0.002 0.00046921 0.001564 0.00017628
0.005 -0.002 -0.003 0.00049804 0.0016134 0.00011321
0.005 -0.002 -0.004 0.00052721 0.0016588 4.4144e-05
0.005 -0.002 -0.005 0.00055672 0.0017 -3.0901e-05
0.005 -0.001 -0.005 0.00048242 0.0015391 -5.392e-05
0.005 -0.001 -0.004 0.00045908 0.001506 1.047e-05
0.005 -0.001 -0.003 0.00043573 0.0014691 7.0304e-05
0.005 -0.001 -0.002 0.00041237 0.0014284 0.00012558
0.005 -0.001 -0.001 0.00038901 0.0013841 0.0001763
0.005 -0.001 0 0.00036564 0.001336 0.00022246
0.005 -0.001 0.001 0.00034225 0.0012841 0.00026407
0.005 -0.001 0.002 0.00031886 0.0012286 0.00030112
0.005 -0.001 0.003 0.00029546 0.0011692 0.00033362
0.005 -0.001 0.004 0.00027206 0.0011062 0.00036155
0.005 -0.001 0.005 0.00024864 0.0010394 0.00038493
0.005 0 0.005 0.00022318 0.00097842 0.00032684
0.005 0 0.004 0.00024362 0.0010353 0.00030218
0.005 0 0.003 0.00026384 0.0010888 0.00027408
0.005 0 0.002 0.00028384 0.0011389 0.00024253
0.005 0 0.001 0.00030362 0.0011857 0.00020755
0.005 0 0 0.00032319 0.001229 0.00016913
0.005 0 -0.001 0.00034254 0.001269 0.00012726
0.005 0 -0.002 0.00036167 0.0013056 8.1958e-05
0.005 0 -0.003 0.00038058 0.0013388 3.3214e-05
0.005 0 -0.004 0.00039927 0.0013686 -1.897e-05
0.005 0 -0.005 0.00041775 0.001395 -7.4594e-05
0.005 0.001 -0.005 0.00036272 0.0012675 -9.2922e-05
0.005 0.001 -0.004 0.0003478 0.0012465 -4.4177e-05
0.005 0.001 -0.003 0.00033259 0.0012225 1.9357e-06
0.005 0.001 -0.002 0.00031709 0.0011954 4.5415e-05
0.005 0.001 -0.001 0.00030129 0.0011652 8.6261e-05
0.005 0.001 0 0.00028521 0.0011319 0.00012447
0.005 0.001 0.001 0.00026883 0.0010955 0.00016005
0.005 0.001 0.002 0.00025215 0.0010561 0.000193
0.005 0.001 0.003 0.00023519 0.0010136 0.00022331
0.005 0.001 0.004 0.00021793 0.000968 0.00025099
0.005 0.001 0.005 0.00020038 0.00091933 0.00027604
0.005 0.002 0.005 0.00018025 0.00086215 0.00023252
0.005 0.002 0.004 0.000195 0.00090427 0.00020799
0.005 0.002 0.003 0.00020952 0.00094357 0.00018133
0.005 0.002 0.002 0.00022381 0.00098006 0.00015252
0.005 0.002 0.001 0.00023787 0.0010137 0.00012159
0.005 0.002 0 0.00025169 0.0010446 8.8511e-05
0.005 0.002 -0.001 0.00026528 0.0010726 5.33e-05
0.005 0.002 -0.002 0.00027863 0.0010979 1.5953e-05
0.005 0.002 -0.003 0.00029176 0.0011203 -2.353e-05
0.005 0.002 -0.004 0.00030465 0.0011399 -6.515e-05
0.005 0.002 -0.005 0.00031731 0.0011567 -0.0001089
0.005 0.003 -0.005 0.00028154 0.0010626 -0.00012254
0.005 0.003 -0.004 0.00026984 0.0010486 -8.1889e-05
0.005 0.003 -0.003 0.00025809 0.0010321 -4.3185e-05
0.005 0.003 -0.002 0.00024631 0.001013 -6.429e-06
0.005 0.003 -0.001 0.00023449 0.00099136 2.8378e-05
0.005 0.003 0 0.00022263 0.00096708 6.1236e-05
0.005 0.003 0.001 0.00021074 0.00094022 9.2145e-05
0.005 0.003 0.002 0.00019881 0.00091077 0.00012111
0.005 0.003 0.003 0.00018684 0.00087873 0.00014812
0.005 0.003 0.004 0.00017483 0.00084411 0.00017318
0.005 0.003 0.005 0.00016279 0.00080689 0.00019629
0.005 0.004 0.005 0.000148 0.00075354 0.00016735
0.005 0.004 0.004 0.00015742 0.00078752 0.00014655
0.005 0.004 0.003 0.00016714 0.00081909 0.00012368
0.005 0.004 0.002 0.00017715 0.00084826 9.8743e-05
0.005 0.004 0.001 0.00018745 0.00087503 7.1732e-05
0.005 0.004 0 0.00019804 0.00089939 4.2649e-05
0.005 0.004 -0.001 0.00020893 0.00092134 1.1495e-05
0.005 0.004 -0.002 0.00022011 0.00094089 -2.173e-05
0.005 0.004 -0.003 0.00023158 0.00095804 -5.7027e-05
0.005 0.004 -0.004 0.00024335 0.00097278 -9.4395e-05
0.005 0.004 -0.005 0.00025541 0.00098511 -0.00013383
0.005 0.005 -0.005 0.0002389 0.00092433 -0.00014278
0.005 0.005 -0.004 0.00022519 0.00091229 -0.00010267
0.005 0.005 -0.003 0.00021223 0.00089799 -6.5057e-05
0.005 0.005 -0.002 0.00020003 0.00088142 -2.9951e-05
0.005 0.005 -0.001 0.00018859 0.00086259 2.6516e-06
0.005 0.005 0 0.00017791 0.0008415 3.275e-05
0.005 0.005 0.001 0.00016799 0.00081814 6.0346e-05
0.005 0.005 0.002 0.00015882 0.00079253 8.5437e-05
0.005 0.005 0.003 0.00015042 0.00076465 0.00010802
0.005 0.005 0.004 0.00014277 0.0007345 0.00012811
0.005 0.005 0.005 0.00013588 0.0007021 0.00014569
