1331
11 11 11
-0.005 0.005
-0.005 0.005
-0.005 0.005
-0.005 -0.005 -0.005 -0.0012517 0.00034165 0.00054374
-0.005 -0.005 -0.004 -0.001143 0.00032708 0.0005333
-0.005 -0.005 -0.003 -0.0010417 0.00031253 0.00052231
-0.005 -0.005 -0.002 -0.0009478 0.00029798 0.00051075
-0.005 -0.005 -0.001 -0.00086135 0.00028345 0.00049863
-0.005 -0.005 0 -0.00078233 0.00026893 0.00048594
-0.005 -0.005 0.001 -0.00071075 0.00025442 0.0004727
-0.005 -0.005 0.002 -0.0006466 0.00023992 0.00045889
-0.005 -0.005 0.003 -0.00058988 0.00022544 0.00044452
-0.005 -0.005 0.004 -0.00054059 0.00021097 0.00042959
-0.005 -0.005 0.005 -0.00049874 0.00019651 0.0004141
-0.005 -0.004 0.005 -0.00048307 0.00022109 0.00040082
-0.005 -0.004 0.004 -0.00052488 0.0002368 0.00041589
-0.005 -0.004 0.003 -0.00057311 0.0002532 0.00043019
-0.005 -0.004 0.002 -0.00062775 0.00027031 0.00044369
-0.005 -0.004 0.001 -0.0006888 0.00028811 0.00045641
-0.005 -0.004 0 -0.00075625 0.00030662 0.00046835
-0.005 -0.004 -0.001 -0.00083012 0.00032582 0.0004795
-0.005 -0.004 -0.002 -0.0009104 0.00034572 0.00048987
-0.005 -0.004 -0.003 -0.00099709 0.00036632 0.00049944
-0.005 -0.004 -0.004 -0.0010902 0.00038762 0.00050824
-0.005 -0.004 -0.005 -0.0011897 0.00040962 0.00051625
-0.005 -0.003 -0.005 -0.0011281 0.00046866 0.0004868
-0.005 -0.003 -0.004 -0.0010371 0.0004404 0.00048116
-0.005 -0.003 -0.003 -0.00095161 0.0004134 0.00047453
-0.005 -0.003 -0.002 -0.00087167 0.00038766 0.00046691
-0.005 -0.003 -0.001 -0.00079727 0.00036319 0.00045832
-0.005 -0.003 0 -0.0007284 0.00033997 0.00044874
-0.005 -0.003 0.001 -0.00066506 0.00031802 0.00043818
-0.005 -0.003 0.002 -0.00060725 0.00029733 0.00042664
-0.005 -0.003 0.003 -0.00055497 0.0002779 0.00041412
-0.005 -0.003 0.004 -0.00050822 0.00025973 0.00040062
-0.005 -0.003 0.005 -0.00046701 0.00024282 0.00038613
-0.005 -0.002 0.005 -0.00045057 0.00026168 0.00037005
-0.005 -0.002 0.004 -0.00049061 0.00027975 0.00038377
-0.005 -0.002 0.003 -0.00053546 0.00029952 0.00039633
-0.005 -0.002 0.002 -0.0005851 0.00032098 0.00040775
-0.005 -0.002 0.001 -0.00063953 0.00034414 0.00041801
-0.005 -0.002 0 -0.00069877 0.000369 0.00042712
-0.005 -0.002 -0.001 -0.00076279 0.00039556 0.00043508
-0.005 -0.002 -0.002 -0.00083162 0.00042382 0.00044189
-0.005 -0.002 -0.003 -0.00090524 0.00045377 0.00044755
-0.005 -0.002 -0.004 -0.00098365 0.00048542 0.00045206
-0.005 -0.002 -0.005 -0.0010669 0.00051877 0.00045541
-0.005 -0.001 -0.005 -0.0010061 0.00055997 0.00042207
-0.005 -0.001 -0.004 -0.00092992 0.00052269 0.00042094
-0.005 -0.001 -0.003 -0.00085797 0.00048743 0.00041852
-0.005 -0.001 -0.002 -0.00079023 0.00045418 0.0004148
-0.005 -0.001 -0.001 -0.00072669 0.00042294 0.00040979
-0.005 -0.001 0 -0.00066736 0.00039371 0.00040349
-0.005 -0.001 0.001 -0.00061222 0.00036648 0.00039589
-0.005 -0.001 0.002 -0.0005613 0.00034127 0.000387
-0.005 -0.001 0.003 -0.00051457 0.00031807 0.00037681
-0.005 -0.001 0.004 -0.00047205 0.00029687 0.00036534
-0.005 -0.001 0.005 -0.00043374 0.00027769 0.00035256
-0.005 0 0.005 -0.00041653 0.00029084 0.00033368
-0.005 0 0.004 -0.00045254 0.00031109 0.00034533
-0.005 0 0.003 -0.00049232 0.00033354 0.00035557
-0.005 0 0.002 -0.00053585 0.00035819 0.0003644
-0.005 0 0.001 -0.00058313 0.00038504 0.00037182
-0.005 0 0 -0.00063417 0.00041408 0.00037784
-0.005 0 -0.001 -0.00068896 0.00044532 0.00038245
-0.005 0 -0.002 -0.00074751 0.00047875 0.00038564
-0.005 0 -0.003 -0.00080982 0.00051438 0.00038743
-0.005 0 -0.004 -0.00087588 0.00055221 0.00038781
-0.005 0 -0.005 -0.00094569 0.00059224 0.00038679
-0.005 0.001 -0.005 -0.00088573 0.00061558 0.00034955
-0.005 0.001 -0.004 -0.00082153 0.00057397 0.00035267
-0.005 0.001 -0.003 -0.00076077 0.00053462 0.00035429
-0.005 0.001 -0.002 -0.00070347 0.00049753 0.00035442
-0.005 0.001 -0.001 -0.00064961 0.00046269 0.00035304
-0.005 0.001 0 -0.0005992 0.00043012 0.00035018
-0.005 0.001 0.001 -0.00055225 0.0003998 0.00034581
-0.005 0.001 0.002 -0.00050874 0.00037175 0.00033995
-0.005 0.001 0.003 -0.00046869 0.00034595 0.0003326
-0.005 0.001 0.004 -0.00043208 0.00032241 0.00032374
-0.005 0.001 0.005 -0.00039893 0.00030113 0.00031339
-0.005 0.002 0.005 -0.00038095 0.00030856 0.0002917
-0.005 0.002 0.004 -0.00041067 0.00033082 0.00030058
-0.005 0.002 0.003 -0.00044369 0.00035528 0.0003079
-0.005 0.002 0.002 -0.00047999 0.00038194 0.00031366
-0.005 0.002 0.001 -0.00051958 0.00041079 0.00031786
-0.005 0.002 0 -0.00056246 0.00044183 0.0003205
-0.005 0.002 -0.001 -0.00060863 0.00047508 0.00032159
-0.005 0.002 -0.002 -0.00065809 0.00051051 0.00032112
-0.005 0.002 -0.003 -0.00071083 0.00054815 0.00031909
-0.005 0.002 -0.004 -0.00076687 0.00058798 0.00031551
-0.005 0.002 -0.005 -0.00082619 0.00063001 0.00031036
-0.005 0.003 -0.005 -0.00076707 0.00063551 0.00026923
-0.005 0.003 -0.004 -0.0007119 0.00059423 0.00027633
-0.005 0.003 -0.003 -0.00066001 0.00055497 0.00028184
-0.005 0.003 -0.002 -0.00061138 0.00051771 0.00028575
-0.005 0.003 -0.001 -0.00056603 0.00048246 0.00028808
-0.005 0.003 0 -0.00052395 0.00044922 0.00028882
-0.005 0.003 0.001 -0.00048513 0.00041798 0.00028796
-0.005 0.003 0.002 -0.00044959 0.00038876 0.00028551
-0.005 0.003 0.003 -0.00041732 0.00036154 0.00028147
-0.005 0.003 0.004 -0.00038831 0.00033634 0.00027584
-0.005 0.003 0.005 -0.00036258 0.00031314 0.00026862
-0.005 0.004 0.005 -0.00034383 0.00031485 0.00024413
-0.005 0.004 0.004 -0.000365 0.00033894 0.00024952
-0.005 0.004 0.003 -0.00038957 0.00036473 0.00025332
-0.005 0.004 0.002 -0.00041753 0.00039222 0.00025551
-0.005 0.004 0.001 -0.00044889 0.0004214 0.00025611
-0.005 0.004 0 -0.00048365 0.00045227 0.00025511
-0.005 0.004 -0.001 -0.0005218 0.00048484 0.00025252
-0.005 0.004 -0.002 -0.00056335 0.00051911 0.00024832
-0.005 0.004 -0.003 -0.00060829 0.00055507 0.00024253
-0.005 0.004 -0.004 -0.00065662 0.00059273 0.00023513
-0.005 0.004 -0.005 -0.00070836 0.00063209 0.00022614
-0.005 0.005 -0.005 -0.00065007 0.00061974 0.00018111
-0.005 0.005 -0.004 -0.00060104 0.00058348 0.00019192
-0.005 0.005 -0.003 -0.00055568 0.00054847 0.00020116
-0.005 0.005 -0.002 -0.00051398 0.00051472 0.00020882
-0.005 0.005 -0.001 -0.00047595 0.00048223 0.0002149
-0.005 0.005 0 -0.00044158 0.000451 0.0002194
-0.005 0.005 0.001 -0.00041087 0.00042102 0.00022232
-0.005 0.005 0.002 -0.00038383 0.00039231 0.00022367
-0.005 0.005 0.003 -0.00036045 0.00036485 0.00022344
-0.005 0.005 0.004 -0.00034074 0.00033865 0.00022163
-0.005 0.005 0.005 -0.00032469 0.00031371 0.00021824
-0.004 0.005 0.005 -0.00032338 0.00033742 0.0002419
-0.004 0.005 0.004 -0.00034102 0.00036388 0.00024744
-0.004 0.005 0.003 -0.00036197 0.00039227 0.00025138
-0.004 0.005 0.002 -0.00038624 0.00042259 0.00025374
-0.004 0.005 0.001 -0.00041383 0.00045484 0.00025452
-0.004 0.005 0 -0.00044474 0.00048903 0.00025372
-0.004 0.005 -0.001 -0.00047896 0.00052514 0.00025132
-0.004 0.005 -0.002 -0.00051651 0.00056318 0.00024735
-0.004 0.005 -0.003 -0.00055737 0.00060316 0.00024179
-0.004 0.005 -0.004 -0.00060155 0.00064507 0.00023464
-0.004 0.005 -0.005 -0.00064905 0.00068891 0.00022591
-0.004 0.004 -0.005 -0.00071664 0.00070541 0.00028204
-0.004 0.004 -0.004 -0.0006641 0.00065804 0.00028754
-0.004 0.004 -0.003 -0.00061494 0.00061303 0.00029155
-0.004 0.004 -0.002 -0.00056914 0.00057036 0.00029405
-0.004 0.004 -0.001 -0.00052673 0.00053005 0.00029505
-0.004 0.004 0 -0.00048769 0.00049208 0.00029454
-0.004 0.004 0.001 -0.00045202 0.00045647 0.00029254
-0.004 0.004 0.002 -0.00041972 0.0004232 0.00028903
-0.004 0.004 0.003 -0.0003908 0.00039229 0.00028403
-0.004 0.004 0.004 -0.00036526 0.00036372 0.00027752
-0.004 0.004 0.005 -0.00034309 0.00033751 0.00026951
-0.004 0.003 0.005 -0.00036262 0.0003348 0.00029592
-0.004 0.003 0.004 -0.00038888 0.00036055 0.00030622
-0.004 0.003 0.003 -0.00041869 0.00038895 0.00031512
-0.004 0.003 0.002 -0.00045204 0.00042 0.00032262
-0.004 0.003 0.001 -0.00048894 0.0004537 0.00032872
-0.004 0.003 0 -0.00052939 0.00049005 0.00033341
-0.004 0.003 -0.001 -0.00057339 0.00052904 0.0003367
-0.004 0.003 -0.002 -0.00062093 0.00057068 0.00033859
-0.004 0.003 -0.003 -0.00067202 0.00061497 0.00033907
-0.004 0.003 -0.004 -0.00072666 0.0006619 0.00033815
-0.004 0.003 -0.005 -0.00078484 0.00071148 0.00033583
-0.004 0.002 -0.005 -0.00085365 0.00070714 0.00038728
-0.004 0.002 -0.004 -0.00078921 0.00065665 0.00038646
-0.004 0.002 -0.003 -0.00072862 0.00060898 0.00038436
-0.004 0.002 -0.002 -0.00067186 0.00056414 0.00038097
-0.004 0.002 -0.001 -0.00061894 0.00052212 0.00037629
-0.004 0.002 0 -0.00056985 0.00048292 0.00037032
-0.004 0.002 0.001 -0.0005246 0.00044654 0.00036306
-0.004 0.002 0.002 -0.00048319 0.00041299 0.00035451
-0.004 0.002 0.003 -0.00044562 0.00038227 0.00034468
-0.004 0.002 0.004 -0.00041188 0.00035436 0.00033355
-0.004 0.002 0.005 -0.00038198 0.00032928 0.00032113
-0.004 0.001 0.005 -0.00040118 0.00032097 0.00034515
-0.004 0.001 0.004 -0.00043427 0.00034516 0.00035949
-0.004 0.001 0.003 -0.0004716 0.00037222 0.00037268
-0.004 0.001 0.002 -0.00051318 0.00040217 0.00038471
-0.004 0.001 0.001 -0.000559 0.00043499 0.00039557
-0.004 0.001 0 -0.00060907 0.0004707 0.00040528
-0.004 0.001 -0.001 -0.00066338 0.00050928 0.00041382
-0.004 0.001 -0.002 -0.00072193 0.00055073 0.0004212
-0.004 0.001 -0.003 -0.00078473 0.00059507 0.00042742
-0.004 0.001 -0.004 -0.00085178 0.00064228 0.00043249
-0.004 0.001 -0.005 -0.00092306 0.00069238 0.00043639
-0.004 0 -0.005 -0.00099309 0.00066719 0.00048316
-0.004 0 -0.004 -0.00091434 0.00061881 0.00047622
-0.004 0 -0.003 -0.00084036 0.00057323 0.00046825
-0.004 0 -0.002 -0.00077115 0.00053047 0.00045927
-0.004 0 -0.001 -0.00070671 0.00049052 0.00044928
-0.004 0 0 -0.00064704 0.00045338 0.00043827
-0.004 0 0.001 -0.00059213 0.00041905 0.00042624
-0.004 0 0.002 -0.000542 0.00038754 0.0004132
-0.004 0 0.003 -0.00049663 0.00035883 0.00039914
-0.004 0 0.004 -0.00045603 0.00033293 0.00038406
-0.004 0 0.005 -0.00042021 0.00030985 0.00036797
-0.004 -0.001 0.005 -0.00043906 0.00029593 0.0003896
-0.004 -0.001 0.004 -0.00047718 0.00031769 0.00040725
-0.004 -0.001 0.003 -0.00052071 0.00034208 0.00042405
-0.004 -0.001 0.002 -0.00056965 0.00036909 0.00043999
-0.004 -0.001 0.001 -0.000624 0.00039872 0.00045507
-0.004 -0.001 0 -0.00068376 0.00043097 0.0004693
-0.004 -0.001 -0.001 -0.00074894 0.00046585 0.00048267
-0.004 -0.001 -0.002 -0.00081952 0.00050335 0.00049519
-0.004 -0.001 -0.003 -0.00089551 0.00054347 0.00050685
-0.004 -0.001 -0.004 -0.00097691 0.00058622 0.00051765
-0.004 -0.001 -0.005 -0.0010637 0.00063158 0.0005276
-0.004 -0.002 -0.005 -0.001135 0.00058556 0.0005697
-0.004 -0.002 -0.004 -0.0010395 0.00054451 0.0005568
-0.004 -0.002 -0.003 -0.00095017 0.00050579 0.00054321
-0.004 -0.002 -0.002 -0.00086703 0.00046937 0.00052895
-0.004 -0.002 -0.001 -0.00079005 0.00043527 0.000514
-0.004 -0.002 0 -0.00071925 0.00040347 0.00049837
-0.004 -0.002 0.001 -0.00065461 0.000374 0.00048207
-0.004 -0.002 0.002 -0.00059614 0.00034683 0.00046508
-0.004 -0.002 0.003 -0.00054384 0.00032198 0.00044741
-0.004 -0.002 0.004 -0.00049771 0.00029944 0.00042906
-0.004 -0.002 0.005 -0.00045775 0.00027921 0.00041003
-0.004 -0.003 0.005 -0.00047627 0.00025969 0.00042927
-0.004 -0.003 0.004 -0.00051763 0.00027816 0.00044949
-0.004 -0.003 0.003 -0.00056603 0.00029852 0.00046923
-0.004 -0.003 0.002 -0.00062147 0.00032076 0.00048847
-0.004 -0.003 0.001 -0.00068395 0.00034488 0.00050722
-0.004 -0.003 0 -0.00075349 0.00037088 0.00052549
-0.004 -0.003 -0.001 -0.00083006 0.00039876 0.00054326
-0.004 -0.003 -0.002 -0.00091368 0.00042853 0.00056055
-0.004 -0.003 -0.003 -0.0010043 0.00046017 0.00057735
-0.004 -0.003 -0.004 -0.0011021 0.0004937 0.00059365
-0.004 -0.003 -0.005 -0.0012068 0.00052911 0.00060947
-0.004 -0.004 -0.005 -0.0012793 0.00046224 0.0006469
-0.004 -0.004 -0.004 -0.0011646 0.00043377 0.00062821
-0.004 -0.004 -0.003 -0.001058 0.00040663 0.00060925
-0.004 -0.004 -0.002 -0.00095948 0.00038083 0.00059
-0.004 -0.004 -0.001 -0.00086896 0.00035635 0.00057046
-0.004 -0.004 0 -0.00078648 0.00033319 0.00055064
-0.004 -0.004 0.001 -0.00071203 0.00031137 0.00053054
-0.004 -0.004 0.002 -0.00064563 0.00029088 0.00051016
-0.004 -0.004 0.003 -0.00058726 0.00027171 0.00048949
-0.004 -0.004 0.004 -0.00053692 0.00025387 0.00046854
-0.004 -0.004 0.005 -0.00049463 0.00023737 0.00044731
-0.004 -0.005 0.005 -0.00051281 0.00021224 0.00046416
-0.004 -0.005 0.004 -0.0005556 0.00022657 0.00048622
-0.004 -0.005 0.003 -0.00060753 0.00024155 0.00050822
-0.004 -0.005 0.002 -0.00066862 0.00025718 0.00053015
-0.004 -0.005 0.001 -0.00073885 0.00027347 0.00055203
-0.004 -0.005 0 -0.00081823 0.00029042 0.00057384
-0.004 -0.005 -0.001 -0.00090675 0.00030801 0.00059559
-0.004 -0.005 -0.002 -0.0010044 0.00032626 0.00061728
-0.004 -0.005 -0.003 -0.0011112 0.00034517 0.00063891
-0.004 -0.005 -0.004 -0.0012272 0.00036473 0.00066048
-0.004 -0.005 -0.005 -0.0013523 0.00038494 0.00068199
-0.003 -0.005 -0.005 -0.0014337 0.00044133 0.00083076
-0.003 -0.005 -0.004 -0.0012945 0.00041332 0.00079584
-0.003 -0.005 -0.003 -0.0011659 0.0003868 0.00076164
-0.003 -0.005 -0.002 -0.001048 0.00036177 0.00072816
-0.003 -0.005 -0.001 -0.00094077 0.00033825 0.00069541
-0.003 -0.005 0 -0.00084419 0.00031622 0.00066338
-0.003 -0.005 0.001 -0.00075828 0.00029569 0.00063208
-0.003 -0.005 0.002 -0.00068303 0.00027665 0.0006015
-0.003 -0.005 0.003 -0.00061844 0.00025912 0.00057164
-0.003 -0.005 0.004 -0.00056452 0.00024308 0.0005425
-0.003 -0.005 0.005 -0.00052125 0.00022853 0.00051409
-0.003 -0.004 0.005 -0.000501 0.00025432 0.00049369
-0.003 -0.004 0.004 -0.00054334 0.00027181 0.00052086
-0.003 -0.004 0.003 -0.00059514 0.00029145 0.00054847
-0.003 -0.004 0.002 -0.00065639 0.00031325 0.00057652
-0.003 -0.004 0.001 -0.0007271 0.00033719 0.00060502
-0.003 -0.004 0 -0.00080725 0.00036328 0.00063396
-0.003 -0.004 -0.001 -0.00089686 0.00039153 0.00066335
-0.003 -0.004 -0.002 -0.00099591 0.00042192 0.00069318
-0.003 -0.004 -0.003 -0.0011044 0.00045447 0.00072345
-0.003 -0.004 -0.004 -0.0012224 0.00048917 0.00075417
-0.003 -0.004 -0.005 -0.0013498 0.00052601 0.00078533
-0.003 -0.003 -0.005 -0.001267 0.00059888 0.00073753
-0.003 -0.003 -0.004 -0.0011508 0.00055464 0.00071021
-0.003 -0.003 -0.003 -0.001043 0.00051309 0.00068307
-0.003 -0.003 -0.002 -0.00094353 0.00047423 0.00065611
-0.003 -0.003 -0.001 -0.0008524 0.00043805 0.00062932
-0.003 -0.003 0 -0.00076961 0.00040455 0.00060271
-0.003 -0.003 0.001 -0.00069516 0.00037373 0.00057627
-0.003 -0.003 0.002 -0.00062905 0.0003456 0.00055001
-0.003 -0.003 0.003 -0.00057128 0.00032015 0.00052393
-0.003 -0.003 0.004 -0.00052185 0.00029738 0.00049802
-0.003 -0.003 0.005 -0.00048076 0.0002773 0.00047229
-0.003 -0.002 0.005 -0.00046053 0.00029746 0.00044988
-0.003 -0.002 0.004 -0.00050003 0.00031978 0.00047399
-0.003 -0.002 0.003 -0.00054685 0.0003452 0.00049802
-0.003 -0.002 0.002 -0.000601 0.00037371 0.00052197
-0.003 -0.002 0.001 -0.00066247 0.00040531 0.00054583
-0.003 -0.002 0 -0.00073127 0.00044001 0.00056962
-0.003 -0.002 -0.001 -0.00080739 0.0004778 0.00059332
-0.003 -0.002 -0.002 -0.00089084 0.00051869 0.00061695
-0.003 -0.002 -0.003 -0.00098162 0.00056267 0.00064049
-0.003 -0.002 -0.004 -0.0010797 0.00060975 0.00066395
-0.003 -0.002 -0.005 -0.0011851 0.00065992 0.00068733
-0.003 -0.001 -0.005 -0.0011044 0.00070915 0.00063476
-0.003 -0.001 -0.004 -0.0010091 0.00065449 0.0006154
-0.003 -0.001 -0.003 -0.00092028 0.00060321 0.00059572
-0.003 -0.001 -0.002 -0.00083785 0.00055531 0.00057571
-0.003 -0.001 -0.001 -0.00076184 0.0005108 0.00055537
-0.003 -0.001 0 -0.00069223 0.00046967 0.0005347
-0.003 -0.001 0.001 -0.00062903 0.00043193 0.00051371
-0.003 -0.001 0.002 -0.00057224 0.00039757 0.00049238
-0.003 -0.001 0.003 -0.00052186 0.0003666 0.00047073
-0.003 -0.001 0.004 -0.00047789 0.00033902 0.00044876
-0.003 -0.001 0.005 -0.00044032 0.00031482 0.00042645
-0.003 0 0.005 -0.00042013 0.00032936 0.00040202
-0.003 0 0.004 -0.00045542 0.00035509 0.00042233
-0.003 0 0.003 -0.0004963 0.00038437 0.00044208
-0.003 0 0.002 -0.00054277 0.0004172 0.00046127
-0.003 0 0.001 -0.00059484 0.00045359 0.00047989
-0.003 0 0 -0.00065249 0.00049353 0.00049795
-0.003 0 -0.001 -0.00071573 0.00053703 0.00051545
-0.003 0 -0.002 -0.00078457 0.00058408 0.00053238
-0.003 0 -0.003 -0.000859 0.00063469 0.00054875
-0.003 0 -0.004 -0.00093901 0.00068885 0.00056456
-0.003 0 -0.005 -0.0010246 0.00074657 0.0005798
-0.003 0.001 -0.005 -0.00094591 0.00077217 0.00052246
-0.003 0.001 -0.004 -0.0008694 0.00071284 0.00051142
-0.003 0.001 -0.003 -0.00079776 0.00065713 0.00049959
-0.003 0.001 -0.002 -0.00073098 0.00060501 0.00048697
-0.003 0.001 -0.001 -0.00066908 0.0005565 0.00047356
-0.003 0.001 0 -0.00061205 0.00051159 0.00045937
-0.003 0.001 0.001 -0.00055989 0.00047029 0.00044439
-0.003 0.001 0.002 -0.0005126 0.00043258 0.00042861
-0.003 0.001 0.003 -0.00047018 0.00039849 0.00041205
-0.003 0.001 0.004 -0.00043263 0.00036799 0.00039471
-0.003 0.001 0.005 -0.00039995 0.0003411 0.00037657
-0.003 0.002 0.005 -0.00037978 0.00035002 0.00035011
-0.003 0.002 0.004 -0.00040951 0.00037772 0.00036589
-0.003 0.002 0.003 -0.00044349 0.00040896 0.00038066
-0.003 0.002 0.002 -0.00048172 0.00044373 0.00039443
-0.003 0.002 0.001 -0.00052419 0.00048202 0.00040719
-0.003 0.002 0 -0.00057092 0.00052385 0.00041896
-0.003 0.002 -0.001 -0.00062188 0.00056921 0.00042972
-0.003 0.002 -0.002 -0.0006771 0.0006181 0.00043948
-0.003 0.002 -0.003 -0.00073656 0.00067052 0.00044823
-0.003 0.002 -0.004 -0.00080027 0.00072647 0.00045599
-0.003 0.002 -0.005 -0.00086823 0.00078595 0.00046274
-0.003 0.003 -0.005 -0.00079158 0.00078791 0.00040064
-0.003 0.003 -0.004 -0.00073164 0.00072972 0.00039826
-0.003 0.003 -0.003 -0.00067542 0.00067486 0.00039468
-0.003 0.003 -0.002 -0.00062292 0.00062334 0.0003899
-0.003 0.003 -0.001 -0.00057414 0.00057515 0.00038391
-0.003 0.003 0 -0.00052908 0.00053031 0.00037671
-0.003 0.003 0.001 -0.00048775 0.0004888 0.00036831
-0.003 0.003 0.002 -0.00045013 0.00045063 0.0003587
-0.003 0.003 0.003 -0.00041624 0.00041579 0.00034789
-0.003 0.003 0.004 -0.00038608 0.00038429 0.00033587
-0.003 0.003 0.005 -0.00035963 0.00035613 0.00032265
-0.003 0.004 0.005 -0.00033949 0.00035943 0.00029417
-0.003 0.004 0.004 -0.00036231 0.00038769 0.00030466
-0.003 0.004 0.003 -0.00038843 0.00041898 0.00031375
-0.003 0.004 0.002 -0.00041784 0.00045328 0.00032144
-0.003 0.004 0.001 -0.00045055 0.00049061 0.00032774
-0.003 0.004 0 -0.00048655 0.00053096 0.00033263
-0.003 0.004 -0.001 -0.00052584 0.00057434 0.00033613
-0.003 0.004 -0.002 -0.00056843 0.00062074 0.00033823
-0.003 0.004 -0.003 -0.00061432 0.00067015 0.00033894
-0.003 0.004 -0.004 -0.0006635 0.0007226 0.00033824
-0.003 0.004 -0.005 -0.00071597 0.00077806 0.00033615
-0.003 0.005 -0.005 -0.0006414 0.0007564 0.00026928
-0.003 0.005 -0.004 -0.00059585 0.00070511 0.00027592
-0.003 0.005 -0.003 -0.00055327 0.0006564 0.00028099
-0.003 0.005 -0.002 -0.00051365 0.00061029 0.00028448
-0.003 0.005 -0.001 -0.000477 0.00056676 0.00028639
-0.003 0.005 0 -0.00044331 0.00052582 0.00028672
-0.003 0.005 0.001 -0.00041259 0.00048747 0.00028548
-0.003 0.005 0.002 -0.00038484 0.0004517 0.00028265
-0.003 0.005 0.003 -0.00036005 0.00041852 0.00027824
-0.003 0.005 0.004 -0.00033823 0.00038793 0.00027225
-0.003 0.005 0.005 -0.00031937 0.00035992 0.00026468
-0.002 0.005 0.005 -0.00031265 0.00038122 0.00028657
-0.002 0.005 0.004 -0.00033237 0.0004108 0.00029607
-0.002 0.005 0.003 -0.00035469 0.0004436 0.000304
-0.002 0.005 0.002 -0.00037962 0.00047963 0.00031037
-0.002 0.005 0.001 -0.00040716 0.00051889 0.00031518
-0.002 0.005 0 -0.00043731 0.00056138 0.00031843
-0.002 0.005 -0.001 -0.00047006 0.00060709 0.00032011
-0.002 0.005 -0.002 -0.00050541 0.00065603 0.00032022
-0.002 0.005 -0.003 -0.00054337 0.0007082 0.00031878
-0.002 0.005 -0.004 -0.00058394 0.00076359 0.00031577
-0.002 0.005 -0.005 -0.00062711 0.00082221 0.00031119
-0.002 0.004 -0.005 -0.00070636 0.00085006 0.00038847
-0.002 0.004 -0.004 -0.00065482 0.0007864 0.00038723
-0.002 0.004 -0.003 -0.00060644 0.00072646 0.0003847
-0.002 0.004 -0.002 -0.00056121 0.00067023 0.00038088
-0.002 0.004 -0.001 -0.00051914 0.00061772 0.00037577
-0.002 0.004 0 -0.00048023 0.00056892 0.00036938
-0.002 0.004 0.001 -0.00044448 0.00052383 0.0003617
-0.002 0.004 0.002 -0.00041188 0.00048246 0.00035273
-0.002 0.004 0.003 -0.00038245 0.0004448 0.00034248
-0.002 0.004 0.004 -0.00035617 0.00041086 0.00033094
-0.002 0.004 0.005 -0.00033305 0.00038063 0.00031811
-0.002 0.003 0.005 -0.00035361 0.00037715 0.00034881
-0.002 0.003 0.004 -0.0003799 0.00040756 0.00036478
-0.002 0.003 0.003 -0.00040999 0.00044205 0.00037976
-0.002 0.003 0.002 -0.00044387 0.00048062 0.00039374
-0.002 0.003 0.001 -0.00048154 0.00052327 0.00040672
-0.002 0.003 0 -0.00052302 0.00057 0.0004187
-0.002 0.003 -0.001 -0.00056828 0.0006208 0.00042969
-0.002 0.003 -0.002 -0.00061734 0.00067569 0.00043968
-0.002 0.003 -0.003 -0.0006702 0.00073465 0.00044867
-0.002 0.003 -0.004 -0.00072685 0.00079768 0.00045666
-0.002 0.003 -0.005 -0.0007873 0.0008648 0.00046366
-0.002 0.002 -0.005 -0.00086993 0.00086643 0.00053676
-0.002 0.002 -0.004 -0.00080004 0.00079743 0.00052408
-0.002 0.002 -0.003 -0.00073467 0.00073276 0.0005107
-0.002 0.002 -0.002 -0.00067382 0.0006724 0.00049663
-0.002 0.002 -0.001 -0.00061748 0.00061635 0.00048186
-0.002 0.002 0 -0.00056566 0.00056463 0.0004664
-0.002 0.002 0.001 -0.00051836 0.00051722 0.00045024
-0.002 0.002 0.002 -0.00047558 0.00047414 0.00043339
-0.002 0.002 0.003 -0.00043731 0.00043537 0.00041584
-0.002 0.002 0.004 -0.00040357 0.00040091 0.0003976
-0.002 0.002 0.005 -0.00037434 0.00037078 0.00037866
-0.002 0.001 0.005 -0.00039523 0.00036153 0.00040766
-0.002 0.001 0.004 -0.00042716 0.00039091 0.00042938
-0.002 0.001 0.003 -0.00046442 0.00042473 0.00045072
-0.002 0.001 0.002 -0.00050701 0.00046299 0.00047168
-0.002 0.001 0.001 -0.00055492 0.00050568 0.00049226
-0.002 0.001 0 -0.00060816 0.00055281 0.00051246
-0.002 0.001 -0.001 -0.00066673 0.00060437 0.00053228
-0.002 0.001 -0.002 -0.00073062 0.00066036 0.00055172
-0.002 0.001 -0.003 -0.00079984 0.00072079 0.00057079
-0.002 0.001 -0.004 -0.00087439 0.00078565 0.00058947
-0.002 0.001 -0.005 -0.00095426 0.00085495 0.00060778
-0.002 0 -0.005 -0.0010403 0.00083037 0.00067671
-0.002 0 -0.004 -0.00094989 0.00076234 0.00065284
-0.002 0 -0.003 -0.00086572 0.00069875 0.00062893
-0.002 0 -0.002 -0.00078777 0.00063958 0.00060497
-0.002 0 -0.001 -0.00071604 0.00058484 0.00058095
-0.002 0 0 -0.00065053 0.00053453 0.00055689
-0.002 0 0.001 -0.00059124 0.00048864 0.00053278
-0.002 0 0.002 -0.00053817 0.00044719 0.00050861
-0.002 0 0.003 -0.00049132 0.00041016 0.0004844
-0.002 0 0.004 -0.0004507 0.00037756 0.00046013
-0.002 0 0.005 -0.00041629 0.00034939 0.00043582
-0.002 -0.001 0.005 -0.00043752 0.00033436 0.00046313
-0.002 -0.001 0.004 -0.00047416 0.00036085 0.00048986
-0.002 -0.001 0.003 -0.00051801 0.00039164 0.00051688
-0.002 -0.001 0.002 -0.00056905 0.00042673 0.00054419
-0.002 -0.001 0.001 -0.0006273 0.00046611 0.00057179
-0.002 -0.001 0 -0.00069275 0.0005098 0.00059969
-0.002 -0.001 -0.001 -0.0007654 0.00055778 0.00062788
-0.002 -0.001 -0.002 -0.00084525 0.00061005 0.00065636
-0.002 -0.001 -0.003 -0.0009323 0.00066663 0.00068513
-0.002 -0.001 -0.004 -0.0010265 0.0007275 0.00071419
-0.002 -0.001 -0.005 -0.001128 0.00079267 0.00074355
-0.002 -0.002 -0.005 -0.0012174 0.00074187 0.0008083
-0.002 -0.002 -0.004 -0.0011044 0.00068113 0.00077352
-0.002 -0.002 -0.003 -0.00099958 0.00062444 0.00073938
-0.002 -0.002 -0.002 -0.00090306 0.00057178 0.00070589
-0.002 -0.002 -0.001 -0.00081481 0.00052318 0.00067305
-0.002 -0.002 0 -0.00073483 0.00047861 0.00064086
-0.002 -0.002 0.001 -0.00066311 0.00043809 0.00060931
-0.002 -0.002 0.002 -0.00059966 0.00040161 0.00057841
-0.002 -0.002 0.003 -0.00054448 0.00036918 0.00054815
-0.002 -0.002 0.004 -0.00049756 0.00034079 0.00051855
-0.002 -0.002 0.005 -0.00045891 0.00031644 0.00048959
-0.002 -0.003 0.005 -0.00048046 0.00029564 0.0005152
-0.002 -0.003 0.004 -0.00052089 0.00031738 0.00054621
-0.002 -0.003 0.003 -0.00057073 0.00034278 0.00057823
-0.002 -0.003 0.002 -0.00062999 0.00037184 0.00061127
-0.002 -0.003 0.001 -0.00069867 0.00040457 0.00064532
-0.002 -0.003 0 -0.00077677 0.00044097 0.00068039
-0.002 -0.003 -0.001 -0.00086428 0.00048104 0.00071648
-0.002 -0.003 -0.002 -0.00096121 0.00052477 0.00075358
-0.002 -0.003 -0.003 -0.0010676 0.00057217 0.00079169
-0.002 -0.003 -0.004 -0.0011833 0.00062323 0.00083083
-0.002 -0.003 -0.005 -0.0013085 0.00067796 0.00087097
-0.002 -0.004 -0.005 -0.0014013 0.00060094 0.00093155
-0.002 -0.004 -0.004 -0.0012634 0.0005538 0.00088611
-0.002 -0.004 -0.003 -0.0011362 0.00050982 0.00084206
-0.002 -0.004 -0.002 -0.0010197 0.00046901 0.00079941
-0.002 -0.004 -0.001 -0.00091381 0.00043136 0.00075816
-0.002 -0.004 0 -0.00081857 0.00039688 0.0007183
-0.002 -0.004 0.001 -0.00073398 0.00036557 0.00067984
-0.002 -0.004 0.002 -0.00066005 0.00033741 0.00064278
-0.002 -0.004 0.003 -0.00059677 0.00031243 0.00060711
-0.002 -0.004 0.004 -0.00054415 0.00029061 0.00057284
-0.002 -0.004 0.005 -0.00050218 0.00027195 0.00053997
-0.002 -0.005 0.005 -0.00052407 0.00024538 0.00056388
-0.002 -0.005 0.004 -0.00056735 0.00026049 0.00059844
-0.002 -0.005 0.003 -0.0006226 0.00027814 0.00063479
-0.002 -0.005 0.002 -0.00068983 0.00029833 0.00067293
-0.002 -0.005 0.001 -0.00076904 0.00032106 0.00071285
-0.002 -0.005 0 -0.00086023 0.00034634 0.00075458
-0.002 -0.005 -0.001 -0.00096339 0.00037415 0.00079809
-0.002 -0.005 -0.002 -0.0010785 0.00040451 0.00084339
-0.002 -0.005 -0.003 -0.0012056 0.0004374 0.00089048
-0.002 -0.005 -0.004 -0.0013447 0.00047284 0.00093937
-0.002 -0.005 -0.005 -0.0014958 0.00051082 0.00099005
-0.001 -0.005 -0.005 -0.0015387 0.0005934 0.0011599
-0.001 -0.005 -0.004 -0.001378 0.0005433 0.0010911
-0.001 -0.005 -0.003 -0.0012305 0.00049699 0.0010255
-0.001 -0.005 -0.002 -0.001096 0.00045446 0.00096296
-0.001 -0.005 -0.001 -0.00097462 0.00041572 0.00090362
-0.001 -0.005 0 -0.00086633 0.00038077 0.00084741
-0.001 -0.005 0.001 -0.00077113 0.0003496 0.00079435
-0.001 -0.005 0.002 -0.00068903 0.00032222 0.00074444
-0.001 -0.005 0.003 -0.00062001 0.00029862 0.00069766
-0.001 -0.005 0.004 -0.00056409 0.00027881 0.00065403
-0.001 -0.005 0.005 -0.00052126 0.00026278 0.00061355
-0.001 -0.004 0.005 -0.00049818 0.00029027 0.00058612
-0.001 -0.004 0.004 -0.00053934 0.00031027 0.00062448
-0.001 -0.004 0.003 -0.00059215 0.00033464 0.00066542
-0.001 -0.004 0.002 -0.0006566 0.00036338 0.00070892
-0.001 -0.004 0.001 -0.00073269 0.0003965 0.00075501
-0.001 -0.004 0 -0.00082043 0.00043399 0.00080366
-0.001 -0.004 -0.001 -0.00091981 0.00047585 0.00085489
-0.001 -0.004 -0.002 -0.0010308 0.00052209 0.0009087
-0.001 -0.004 -0.003 -0.0011535 0.0005727 0.00096508
-0.001 -0.004 -0.004 -0.0012878 0.00062768 0.001024
-0.001 -0.004 -0.005 -0.0014338 0.00068703 0.0010856
-0.001 -0.003 -0.005 -0.0013315 0.00076637 0.0010098
-0.001 -0.003 -0.004 -0.0011996 0.00069946 0.0009555
-0.001 -0.003 -0.003 -0.001078 0.00063739 0.00090322
-0.001 -0.003 -0.002 -0.00096674 0.00058015 0.00085297
-0.001 -0.003 -0.001 -0.00086571 0.00052774 0.00080475
-0.001 -0.003 0 -0.00077496 0.00048016 0.00075855
-0.001 -0.003 0.001 -0.00069449 0.00043741 0.00071439
-0.001 -0.003 0.002 -0.0006243 0.00039949 0.00067225
-0.001 -0.003 0.003 -0.00056438 0.00036641 0.00063214
-0.001 -0.003 0.004 -0.00051474 0.00033815 0.00059405
-0.001 -0.003 0.005 -0.00047538 0.00031472 0.000558
-0.001 -0.002 0.005 -0.00045287 0.00033615 0.00052916
-0.001 -0.002 0.004 -0.0004903 0.00036246 0.00056274
-0.001 -0.002 0.003 -0.00053672 0.00039392 0.00059782
-0.001 -0.002 0.002 -0.00059213 0.00043055 0.0006344
-0.001 -0.002 0.001 -0.00065654 0.00047233 0.00067249
-0.001 -0.002 0 -0.00072993 0.00051928 0.00071209
-0.001 -0.002 -0.001 -0.00081231 0.00057139 0.00075318
-0.001 -0.002 -0.002 -0.00090369 0.00062865 0.00079578
-0.001 -0.002 -0.003 -0.0010041 0.00069107 0.00083989
-0.001 -0.002 -0.004 -0.0011134 0.00075866 0.0008855
-0.001 -0.002 -0.005 -0.0012318 0.0008314 0.00093261
-0.001 -0.001 -0.005 -0.0011346 0.00088214 0.00085396
-0.001 -0.001 -0.004 -0.0010292 0.00080527 0.00081402
-0.001 -0.001 -0.003 -0.00093155 0.00073375 0.00077508
-0.001 -0.001 -0.002 -0.00084169 0.00066759 0.00073714
-0.001 -0.001 -0.001 -0.00075961 0.00060679 0.0007002
-0.001 -0.001 0 -0.00068532 0.00055135 0.00066426
-0.001 -0.001 0.001 -0.00061882 0.00050127 0.00062933
-0.001 -0.001 0.002 -0.00056009 0.00045655 0.0005954
-0.001 -0.001 0.003 -0.00050916 0.00041719 0.00056247
-0.001 -0.001 0.004 -0.00046601 0.00038319 0.00053055
-0.001 -0.001 0.005 -0.00043064 0.00035455 0.00049962
-0.001 0 0.005 -0.0004087 0.00036991 0.00046938
-0.001 0 0.004 -0.00044187 0.00040034 0.00049747
-0.001 0 0.003 -0.0004817 0.0004362 0.00052609
-0.001 0 0.002 -0.00052819 0.0004775 0.00055523
-0.001 0 0.001 -0.00058134 0.00052422 0.00058489
-0.001 0 0 -0.00064115 0.00057637 0.00061508
-0.001 0 -0.001 -0.00070761 0.00063395 0.00064579
-0.001 0 -0.002 -0.00078074 0.00069696 0.00067703
-0.001 0 -0.003 -0.00086053 0.00076541 0.00070879
-0.001 0 -0.004 -0.00094698 0.00083928 0.00074107
-0.001 0 -0.005 -0.0010401 0.00091859 0.00077387
-0.001 0.001 -0.005 -0.00094813 0.00094073 0.00069233
-0.001 0.001 -0.004 -0.00086675 0.00086071 0.00066664
-0.001 0.001 -0.003 -0.00079099 0.00078606 0.00064101
-0.001 0.001 -0.002 -0.00072085 0.00071678 0.00061546
-0.001 0.001 -0.001 -0.00065632 0.00065287 0.00058997
-0.001 0.001 0 -0.0005974 0.00059434 0.00056454
-0.001 0.001 0.001 -0.0005441 0.00054118 0.00053919
-0.001 0.001 0.002 -0.00049641 0.00049339 0.0005139
-0.001 0.001 0.003 -0.00045434 0.00045097 0.00048867
-0.001 0.001 0.004 -0.00041788 0.00041392 0.00046352
-0.001 0.001 0.005 -0.00038703 0.00038225 0.00043843
-0.001 0.002 0.005 -0.00036565 0.00039156 0.00040677
-0.001 0.002 0.004 -0.00039404 0.00042393 0.00042868
-0.001 0.002 0.003 -0.00042708 0.00046148 0.00045022
-0.001 0.002 0.002 -0.00046476 0.00050422 0.0004714
-0.001 0.002 0.001 -0.0005071 0.00055215 0.00049221
-0.001 0.002 0 -0.00055408 0.00060526 0.00051265
-0.001 0.002 -0.001 -0.00060572 0.00066355 0.00053272
-0.001 0.002 -0.002 -0.000662 0.00072703 0.00055243
-0.001 0.002 -0.003 -0.00072294 0.0007957 0.00057176
-0.001 0.002 -0.004 -0.00078853 0.00086955 0.00059073
-0.001 0.002 -0.005 -0.00085876 0.00094858 0.00060934
-0.001 0.003 -0.005 -0.00077199 0.00094214 0.0005249
-0.001 0.003 -0.004 -0.0007123 0.0008658 0.00051336
-0.001 0.003 -0.003 -0.00065637 0.00079432 0.00050104
-0.001 0.003 -0.002 -0.00060421 0.00072772 0.00048793
-0.001 0.003 -0.001 -0.00055582 0.00066599 0.00047406
-0.001 0.003 0 -0.0005112 0.00060912 0.0004594
-0.001 0.003 0.001 -0.00047034 0.00055713 0.00044396
-0.001 0.003 0.002 -0.00043324 0.00051 0.00042774
-0.001 0.003 0.003 -0.00039992 0.00046774 0.00041074
-0.001 0.003 0.004 -0.00037035 0.00043035 0.00039296
-0.001 0.003 0.005 -0.00034456 0.00039784 0.00037441
-0.001 0.004 0.005 -0.00032375 0.00040108 0.00034134
-0.001 0.004 0.004 -0.00034682 0.00043321 0.00035637
-0.001 0.004 0.003 -0.00037286 0.00046975 0.00037022
-0.001 0.004 0.002 -0.00040186 0.00051073 0.00038291
-0.001 0.004 0.001 -0.00043382 0.00055612 0.00039443
-0.001 0.004 0 -0.00046874 0.00060594 0.00040479
-0.001 0.004 -0.001 -0.00050663 0.00066018 0.00041397
-0.001 0.004 -0.002 -0.00054748 0.00071885 0.00042198
-0.001 0.004 -0.003 -0.00059129 0.00078194 0.00042883
-0.001 0.004 -0.004 -0.00063806 0.00084946 0.0004345
-0.001 0.004 -0.005 -0.0006878 0.00092139 0.00043901
-0.001 0.005 -0.005 -0.0006062 0.00088635 0.00035167
-0.001 0.005 -0.004 -0.00056582 0.00082052 0.00035417
-0.001 0.005 -0.003 -0.00052769 0.00075854 0.00035514
-0.001 0.005 -0.002 -0.00049179 0.00070042 0.00035457
-0.001 0.005 -0.001 -0.00045813 0.00064614 0.00035246
-0.001 0.005 0 -0.00042671 0.00059571 0.00034882
-0.001 0.005 0.001 -0.00039754 0.00054913 0.00034364
-0.001 0.005 0.002 -0.0003706 0.00050639 0.00033693
-0.001 0.005 0.003 -0.0003459 0.00046751 0.00032867
-0.001 0.005 0.004 -0.00032344 0.00043248 0.00031889
-0.001 0.005 0.005 -0.00030322 0.0004013 0.00030757
0 0.005 0.005 -0.00029108 0.00042018 0.00032767
0 0.005 0.004 -0.00031144 0.00045299 0.00034071
0 0.005 0.003 -0.00033367 0.00049026 0.00035226
0 0.005 0.002 -0.00035776 0.00053198 0.0003623
0 0.005 0.001 -0.00038372 0.00057816 0.00037085
0 0.005 0 -0.00041154 0.0006288 0.0003779
0 0.005 -0.001 -0.00044123 0.00068389 0.00038346
0 0.005 -0.002 -0.00047278 0.00074344 0.00038752
0 0.005 -0.003 -0.00050621 0.00080744 0.00039008
0 0.005 -0.004 -0.00054149 0.0008759 0.00039114
0 0.005 -0.005 -0.00057865 0.00094882 0.00039071
0 0.004 -0.005 -0.00066029 0.00099207 0.00048776
0 0.004 -0.004 -0.00061322 0.00091176 0.00048007
0 0.004 -0.003 -0.00056887 0.0008366 0.00047133
0 0.004 -0.002 -0.00052723 0.00076659 0.00046155
0 0.004 -0.001 -0.0004883 0.00070174 0.00045072
0 0.004 0 -0.00045207 0.00064203 0.00043885
0 0.004 0.001 -0.00041856 0.00058748 0.00042594
0 0.004 0.002 -0.00038776 0.00053809 0.00041198
0 0.004 0.003 -0.00035966 0.00049384 0.00039698
0 0.004 0.004 -0.00033427 0.00045475 0.00038094
0 0.004 0.005 -0.0003116 0.00042081 0.00036385
0 0.003 0.005 -0.00033248 0.0004182 0.00039944
0 0.003 0.004 -0.00035744 0.00045267 0.00042041
0 0.003 0.003 -0.00038603 0.00049286 0.00044083
0 0.003 0.002 -0.00041826 0.00053875 0.0004607
0 0.003 0.001 -0.00045412 0.00059036 0.00048002
0 0.003 0 -0.00049362 0.00064768 0.00049879
0 0.003 -0.001 -0.00053676 0.00071071 0.000517
0 0.003 -0.002 -0.00058352 0.00077945 0.00053466
0 0.003 -0.003 -0.00063393 0.0008539 0.00055178
0 0.003 -0.004 -0.00068797 0.00093406 0.00056834
0 0.003 -0.005 -0.00074564 0.0010199 0.00058435
0 0.002 -0.005 -0.00083472 0.0010324 0.00068047
0 0.002 -0.004 -0.00076572 0.00094281 0.00065596
0 0.002 -0.003 -0.00070137 0.00085934 0.00063143
0 0.002 -0.002 -0.00064167 0.000782 0.00060687
0 0.002 -0.001 -0.0005866 0.0007108 0.0005823
0 0.002 0 -0.00053618 0.00064573 0.00055771
0 0.002 0.001 -0.00049041 0.00058679 0.0005331
0 0.002 0.002 -0.00044927 0.00053398 0.00050847
0 0.002 0.003 -0.00041278 0.00048731 0.00048381
0 0.002 0.004 -0.00038094 0.00044677 0.00045914
0 0.002 0.005 -0.00035373 0.00041236 0.00043444
0 0.001 0.005 -0.00037535 0.00040327 0.00046886
0 0.001 0.004 -0.00040477 0.00043702 0.00049712
0 0.001 0.003 -0.00043991 0.00047719 0.00052592
0 0.001 0.002 -0.0004808 0.00052377 0.00055527
0 0.001 0.001 -0.00052741 0.00057677 0.00058517
0 0.001 0 -0.00057976 0.00063619 0.00061563
0 0.001 -0.001 -0.00063784 0.00070202 0.00064663
0 0.001 -0.002 -0.00070166 0.00077427 0.00067817
0 0.001 -0.003 -0.00077121 0.00085293 0.00071027
0 0.001 -0.004 -0.00084649 0.00093802 0.00074292
0 0.001 -0.005 -0.00092751 0.0010295 0.00077611
0 0 -0.005 -0.001024 0.0010112 0.0008713
0 0 -0.004 -0.00093027 0.00091967 0.00082923
0 0 -0.003 -0.00084343 0.00083467 0.00078832
0 0 -0.002 -0.0007635 0.00075624 0.00074857
0 0 -0.001 -0.00069047 0.00068437 0.00070997
0 0 0 -0.00062435 0.00061906 0.00067253
0 0 0.001 -0.00056513 0.00056031 0.00063625
0 0 0.002 -0.00051283 0.00050812 0.00060112
0 0 0.003 -0.00046742 0.0004625 0.00056716
0 0 0.004 -0.00042893 0.00042344 0.00053435
0 0 0.005 -0.00039734 0.00039095 0.00050269
0 -0.001 0.005 -0.0004197 0.00037539 0.00053594
0 -0.001 0.004 -0.00045343 0.00040603 0.00057083
0 -0.001 0.003 -0.00049532 0.00044325 0.00060752
0 -0.001 0.002 -0.00054537 0.00048704 0.00064602
0 -0.001 0.001 -0.00060358 0.0005374 0.00068632
0 -0.001 0 -0.00066995 0.00059433 0.00072842
0 -0.001 -0.001 -0.00074449 0.00065783 0.00077233
0 -0.001 -0.002 -0.00082718 0.00072791 0.00081805
0 -0.001 -0.003 -0.00091804 0.00080456 0.00086556
0 -0.001 -0.004 -0.0010171 0.00088778 0.00091489
0 -0.001 -0.005 -0.0011242 0.00097756 0.00096601
0 -0.002 -0.005 -0.0012282 0.00092852 0.0010603
0 -0.002 -0.004 -0.0011069 0.00084233 0.00099989
0 -0.002 -0.003 -0.00099504 0.00076259 0.00094201
0 -0.002 -0.002 -0.00089272 0.00068929 0.00088662
0 -0.002 -0.001 -0.00079989 0.00062243 0.00083372
0 -0.002 0 -0.00071657 0.00056201 0.00078331
0 -0.002 0.001 -0.00064274 0.00050804 0.00073539
0 -0.002 0.002 -0.00057841 0.00046051 0.00068996
0 -0.002 0.003 -0.00052359 0.00041943 0.00064702
0 -0.002 0.004 -0.00047826 0.00038478 0.00060657
0 -0.002 0.005 -0.00044243 0.00035658 0.0005686
0 -0.003 0.005 -0.00046552 0.00033454 0.00060068
0 -0.003 0.004 -0.00050342 0.0003597 0.00064155
0 -0.003 0.003 -0.00055224 0.00039104 0.00068564
0 -0.003 0.002 -0.00061197 0.00042855 0.00073294
0 -0.003 0.001 -0.00068262 0.00047224 0.00078345
0 -0.003 0 -0.0007642 0.00052211 0.00083718
0 -0.003 -0.001 -0.00085669 0.00057815 0.00089412
0 -0.003 -0.002 -0.0009601 0.00064037 0.00095428
0 -0.003 -0.003 -0.0010744 0.00070876 0.0010177
0 -0.003 -0.004 -0.0011997 0.00078334 0.0010842
0 -0.003 -0.005 -0.0013358 0.00086409 0.001154
0 -0.004 -0.005 -0.0014472 0.00078427 0.0012473
0 -0.004 -0.004 -0.0012955 0.00071079 0.0011679
0 -0.004 -0.003 -0.0011562 0.00064309 0.0010925
0 -0.004 -0.002 -0.0010293 0.00058115 0.001021
0 -0.004 -0.001 -0.00091488 0.00052499 0.00095355
0 -0.004 0 -0.00081284 0.00047461 0.00089005
0 -0.004 0.001 -0.00072323 0.00042999 0.00083052
0 -0.004 0.002 -0.00064604 0.00039115 0.00077496
0 -0.004 0.003 -0.00058127 0.00035808 0.00072339
0 -0.004 0.004 -0.00052892 0.00033078 0.00067579
0 -0.004 0.005 -0.00048899 0.00030926 0.00063217
0 -0.005 0.005 -0.00051282 0.00028074 0.00066308
0 -0.005 0.004 -0.00055475 0.00029803 0.00070928
0 -0.005 0.003 -0.00061068 0.00032055 0.00076027
0 -0.005 0.002 -0.00068061 0.00034831 0.00081603
0 -0.005 0.001 -0.00076455 0.0003813 0.00087658
0 -0.005 0 -0.0008625 0.00041951 0.0009419
0 -0.005 -0.001 -0.00097445 0.00046296 0.001012
0 -0.005 -0.002 -0.0011004 0.00051164 0.0010869
0 -0.005 -0.003 -0.0012404 0.00056556 0.0011665
0 -0.005 -0.004 -0.0013943 0.0006247 0.001251
0 -0.005 -0.005 -0.0015623 0.00068908 0.0013402
0.001 -0.005 -0.005 -0.0015667 0.00079785 0.001531
0.001 -0.005 -0.004 -0.0013937 0.00071704 0.001419
0.001 -0.005 -0.003 -0.0012354 0.0006431 0.0013137
0.001 -0.005 -0.002 -0.0010918 0.00057605 0.0012151
0.001 -0.005 -0.001 -0.00096289 0.00051587 0.0011232
0.001 -0.005 0 -0.00084874 0.00046257 0.001038
0.001 -0.005 0.001 -0.0007493 0.00041615 0.00095952
0.001 -0.005 0.002 -0.00066459 0.00037661 0.00088771
0.001 -0.005 0.003 -0.00059459 0.00034395 0.0008226
0.001 -0.005 0.004 -0.00053931 0.00031816 0.00076419
0.001 -0.005 0.005 -0.00049876 0.00029926 0.00071247
0.001 -0.004 0.005 -0.00047461 0.00032893 0.00067811
0.001 -0.004 0.004 -0.00051288 0.00035216 0.00072677
0.001 -0.004 0.003 -0.00056413 0.00038276 0.00078103
0.001 -0.004 0.002 -0.00062836 0.00042072 0.0008409
0.001 -0.004 0.001 -0.00070559 0.00046604 0.00090637
0.001 -0.004 0 -0.0007958 0.00051873 0.00097745
0.001 -0.004 -0.001 -0.00089899 0.00057879 0.0010541
0.001 -0.004 -0.002 -0.0010152 0.00064621 0.0011364
0.001 -0.004 -0.003 -0.0011443 0.000721 0.0012243
0.001 -0.004 -0.004 -0.0012865 0.00080315 0.0013178
0.001 -0.004 -0.005 -0.0014416 0.00089267 0.0014169
0.001 -0.003 -0.005 -0.0013216 0.00097112 0.0013037
0.001 -0.003 -0.004 -0.0011835 0.00087485 0.001217
0.001 -0.003 -0.003 -0.0010567 0.00078629 0.001135
0.001 -0.003 -0.002 -0.0009413 0.00070543 0.0010575
0.001 -0.003 -0.001 -0.00083721 0.00063227 0.00098461
0.001 -0.003 0 -0.00074447 0.00056681 0.00091628
0.001 -0.003 0.001 -0.00066306 0.00050906 0.00085253
0.001 -0.003 0.002 -0.000593 0.00045901 0.00079335
0.001 -0.003 0.003 -0.00053429 0.00041667 0.00073874
0.001 -0.003 0.004 -0.00048691 0.00038203 0.00068871
0.001 -0.003 0.005 -0.00045088 0.0003551 0.00064325
0.001 -0.002 0.005 -0.00042758 0.00037774 0.00060791
0.001 -0.002 0.004 -0.00046143 0.00040777 0.00065002
0.001 -0.002 0.003 -0.00050507 0.00044569 0.00069574
0.001 -0.002 0.002 -0.0005585 0.00049151 0.00074506
0.001 -0.002 0.001 -0.00062173 0.00054521 0.00079799
0.001 -0.002 0 -0.00069475 0.00060682 0.00085452
0.001 -0.002 -0.001 -0.00077755 0.00067631 0.00091466
0.001 -0.002 -0.002 -0.00087015 0.0007537 0.0009784
0.001 -0.002 -0.003 -0.00097254 0.00083898 0.0010457
0.001 -0.002 -0.004 -0.0010847 0.00093215 0.0011167
0.001 -0.002 -0.005 -0.0012067 0.0010332 0.0011912
0.001 -0.001 -0.005 -0.0010968 0.0010789 0.0010797
0.001 -0.001 -0.004 -0.00099015 0.00097503 0.0010168
0.001 -0.001 -0.003 -0.00089177 0.00087906 0.00095659
0.001 -0.001 -0.002 -0.00080173 0.00079102 0.00089909
0.001 -0.001 -0.001 -0.00072002 0.00071091 0.00084428
0.001 -0.001 0 -0.00064664 0.00063874 0.00079217
0.001 -0.001 0.001 -0.00058158 0.0005745 0.00074276
0.001 -0.001 0.002 -0.00052487 0.00051819 0.00069605
0.001 -0.001 0.003 -0.00047648 0.00046982 0.00065203
0.001 -0.001 0.004 -0.00043642 0.00042938 0.00061071
0.001 -0.001 0.005 -0.00040469 0.00039687 0.00057208
0.001 0 0.005 -0.00038223 0.00041249 0.00053577
0.001 0 0.004 -0.00041189 0.00044686 0.00057076
0.001 0 0.003 -0.00044851 0.00048906 0.0006076
0.001 0 0.002 -0.00049209 0.00053908 0.00064629
0.001 0 0.001 -0.00054263 0.00059692 0.00068684
0.001 0 0 -0.00060013 0.00066259 0.00072923
0.001 0 -0.001 -0.0006646 0.00073608 0.00077348
0.001 0 -0.002 -0.00073603 0.0008174 0.00081958
0.001 0 -0.003 -0.00081442 0.00090654 0.00086753
0.001 0 -0.004 -0.00089977 0.0010035 0.00091733
0.001 0 -0.005 -0.00099208 0.0011083 0.00096898
0.001 0.001 -0.005 -0.0008924 0.0011213 0.00085914
0.001 0.001 -0.004 -0.0008136 0.0010176 0.00081832
0.001 0.001 -0.003 -0.00074048 0.00092142 0.00077856
0.001 0.001 -0.002 -0.00067305 0.00083283 0.00073987
0.001 0.001 -0.001 -0.00061131 0.00075181 0.00070226
0.001 0.001 0 -0.00055524 0.00067836 0.0006657
0.001 0.001 0.001 -0.00050486 0.00061247 0.00063022
0.001 0.001 0.002 -0.00046017 0.00055415 0.0005958
0.001 0.001 0.003 -0.00042116 0.0005034 0.00056246
0.001 0.001 0.004 -0.00038783 0.00046021 0.00053018
0.001 0.001 0.005 -0.00036019 0.00042459 0.00049896
0.001 0.002 0.005 -0.00033857 0.00043318 0.00046168
0.001 0.002 0.004 -0.00036425 0.00046943 0.00048896
0.001 0.002 0.003 -0.00039443 0.00051285 0.0005166
0.001 0.002 0.002 -0.00042911 0.00056342 0.00054458
0.001 0.002 0.001 -0.00046829 0.00062115 0.00057291
0.001 0.002 0 -0.00051196 0.00068605 0.00060158
0.001 0.002 -0.001 -0.00056013 0.0007581 0.0006306
0.001 0.002 -0.002 -0.0006128 0.00083732 0.00065997
0.001 0.002 -0.003 -0.00066997 0.00092369 0.00068968
0.001 0.002 -0.004 -0.00073163 0.0010172 0.00071974
0.001 0.002 -0.005 -0.00079779 0.0011179 0.00075015
0.001 0.003 -0.005 -0.00070827 0.0010982 0.00064201
0.001 0.003 -0.004 -0.00065387 0.0010025 0.00062161
0.001 0.003 -0.003 -0.00060287 0.00091336 0.0006009
0.001 0.003 -0.002 -0.00055528 0.00083086 0.00057987
0.001 0.003 -0.001 -0.00051108 0.00075496 0.00055853
0.001 0.003 0 -0.00047029 0.00068566 0.00053687
0.001 0.003 0.001 -0.0004329 0.00062297 0.00051491
0.001 0.003 0.002 -0.00039892 0.00056688 0.00049262
0.001 0.003 0.003 -0.00036833 0.0005174 0.00047003
0.001 0.003 0.004 -0.00034115 0.00047452 0.00044712
0.001 0.003 0.005 -0.00031737 0.00043825 0.0004239
0.001 0.004 0.005 -0.00029659 0.0004398 0.00038564
0.001 0.004 0.004 -0.00031853 0.00047548 0.00040465
0.001 0.004 0.003 -0.00034285 0.00051706 0.00042275
0.001 0.004 0.002 -0.00036958 0.00056454 0.00043993
0.001 0.004 0.001 -0.00039871 0.00061792 0.00045621
0.001 0.004 0 -0.00043023 0.0006772 0.00047157
0.001 0.004 -0.001 -0.00046415 0.00074238 0.00048603
0.001 0.004 -0.002 -0.00050047 0.00081345 0.00049957
0.001 0.004 -0.003 -0.00053919 0.00089043 0.0005122
0.001 0.004 -0.004 -0.00058031 0.00097331 0.00052392
0.001 0.004 -0.005 -0.00062383 0.0010621 0.00053473
0.001 0.005 -0.005 -0.00054446 0.0010096 0.0004283
0.001 0.005 -0.004 -0.00051096 0.00092973 0.00042667
0.001 0.005 -0.003 -0.00047893 0.00085489 0.0004236
0.001 0.005 -0.002 -0.0004484 0.0007851 0.00041907
0.001 0.005 -0.001 -0.00041935 0.00072036 0.0004131
0.001 0.005 0 -0.00039178 0.00066065 0.00040568
0.001 0.005 0.001 -0.0003657 0.000606 0.00039682
0.001 0.005 0.002 -0.00034111 0.00055639 0.00038651
0.001 0.005 0.003 -0.000318 0.00051183 0.00037475
0.001 0.005 0.004 -0.00029638 0.00047231 0.00036154
0.001 0.005 0.005 -0.00027624 0.00043784 0.00034689
0.002 0.005 0.005 -0.00025869 0.0004543 0.00036522
0.002 0.005 0.004 -0.00027824 0.00049045 0.00038138
0.002 0.005 0.003 -0.00029889 0.00053223 0.00039615
0.002 0.005 0.002 -0.00032064 0.00057963 0.00040954
0.002 0.005 0.001 -0.00034349 0.00063264 0.00042154
0.002 0.005 0 -0.00036744 0.00069128 0.00043215
0.002 0.005 -0.001 -0.00039248 0.00075553 0.00044138
0.002 0.005 -0.002 -0.00041863 0.0008254 0.00044923
0.002 0.005 -0.003 -0.00044587 0.0009009 0.00045569
0.002 0.005 -0.004 -0.00047421 0.00098201 0.00046077
0.002 0.005 -0.005 -0.00050365 0.0010687 0.00046445
0.002 0.004 -0.005 -0.00057842 0.0011314 0.00057991
0.002 0.004 -0.004 -0.00053932 0.0010341 0.00056606
0.002 0.004 -0.003 -0.00050225 0.00094344 0.00055144
0.002 0.004 -0.002 -0.00046721 0.00085944 0.00053605
0.002 0.004 -0.001 -0.0004342 0.0007821 0.00051989
0.002 0.004 0 -0.00040321 0.00071143 0.00050295
0.002 0.004 0.001 -0.00037426 0.00064743 0.00048525
0.002 0.004 0.002 -0.00034734 0.00059009 0.00046677
0.002 0.004 0.003 -0.00032244 0.00053941 0.00044752
0.002 0.004 0.004 -0.00029958 0.0004954 0.0004275
0.002 0.004 0.005 -0.00027874 0.00045806 0.00040671
0.002 0.003 0.005 -0.00029923 0.00045797 0.0004478
0.002 0.003 0.004 -0.00032149 0.00049589 0.0004731
0.002 0.003 0.003 -0.00034682 0.00054137 0.00049834
0.002 0.003 0.002 -0.00037522 0.00059439 0.00052351
0.002 0.003 0.001 -0.00040668 0.00065496 0.00054862
0.002 0.003 0 -0.00044121 0.00072308 0.00057366
0.002 0.003 -0.001 -0.00047881 0.00079874 0.00059864
0.002 0.003 -0.002 -0.00051947 0.00088196 0.00062355
0.002 0.003 -0.003 -0.0005632 0.00097272 0.00064839
0.002 0.003 -0.004 -0.00061 0.001071 0.00067317
0.002 0.003 -0.005 -0.00065987 0.0011769 0.00069789
0.002 0.002 -0.005 -0.00074799 0.0012051 0.00081838
0.002 0.002 -0.004 -0.00068625 0.0010928 0.00078209
0.002 0.002 -0.003 -0.00062873 0.00098874 0.00074654
0.002 0.002 -0.002 -0.00057541 0.00089297 0.00071171
0.002 0.002 -0.001 -0.00052631 0.00080546 0.00067762
0.002 0.002 0 -0.00048142 0.00072622 0.00064427
0.002 0.002 0.001 -0.00044074 0.00065524 0.00061164
0.002 0.002 0.002 -0.00040428 0.00059253 0.00057975
0.002 0.002 0.003 -0.00037203 0.00053809 0.00054859
0.002 0.002 0.004 -0.00034399 0.00049192 0.00051816
0.002 0.002 0.005 -0.00032016 0.00045402 0.00048847
0.002 0.001 0.005 -0.00034154 0.00044621 0.00052874
0.002 0.001 0.004 -0.00036707 0.00048349 0.0005627
0.002 0.001 0.003 -0.00039807 0.00052959 0.00059828
0.002 0.001 0.002 -0.00043453 0.00058452 0.00063549
0.002 0.001 0.001 -0.00047646 0.00064827 0.00067432
0.002 0.001 0 -0.00052385 0.00072084 0.00071478
0.002 0.001 -0.001 -0.00057671 0.00080224 0.00075686
0.002 0.001 -0.002 -0.00063504 0.00089246 0.00080056
0.002 0.001 -0.003 -0.00069883 0.00099151 0.00084588
0.002 0.001 -0.004 -0.00076808 0.0010994 0.00089283
0.002 0.001 -0.005 -0.0008428 0.0012161 0.0009414
0.002 0 -0.005 -0.00094429 0.0012098 0.0010669
0.002 0 -0.004 -0.00085548 0.0010908 0.0010054
0.002 0 -0.003 -0.0007735 0.00098101 0.00094642
0.002 0 -0.002 -0.00069834 0.00088045 0.00089007
0.002 0 -0.001 -0.00063001 0.0007891 0.00083633
0.002 0 0 -0.0005685 0.00070697 0.00078519
0.002 0 0.001 -0.00051382 0.00063405 0.00073666
0.002 0 0.002 -0.00046597 0.00057035 0.00069073
0.002 0 0.003 -0.00042494 0.00051586 0.00064742
0.002 0 0.004 -0.00039074 0.00047059 0.0006067
0.002 0 0.005 -0.00036336 0.00043454 0.00056859
0.002 -0.001 0.005 -0.00038562 0.00041901 0.00060804
0.002 -0.001 0.004 -0.00041498 0.00045324 0.00065017
0.002 -0.001 0.003 -0.00045264 0.0004969 0.00069599
0.002 -0.001 0.002 -0.00049859 0.00055002 0.00074548
0.002 -0.001 0.001 -0.00055284 0.00061258 0.00079865
0.002 -0.001 0 -0.00061537 0.00068458 0.00085551
0.002 -0.001 -0.001 -0.0006862 0.00076603 0.00091604
0.002 -0.001 -0.002 -0.00076533 0.00085692 0.00098026
0.002 -0.001 -0.003 -0.00085274 0.00095725 0.0010482
0.002 -0.001 -0.004 -0.00094845 0.001067 0.0011197
0.002 -0.001 -0.005 -0.0010525 0.0011863 0.001195
0.002 -0.002 -0.005 -0.0011673 0.0011455 0.0013256
0.002 -0.002 -0.004 -0.001047 0.0010281 0.0012359
0.002 -0.002 -0.003 -0.00093656 0.00092024 0.0011511
0.002 -0.002 -0.002 -0.00083599 0.00082188 0.0010711
0.002 -0.002 -0.001 -0.0007453 0.00073302 0.000996
0.002 -0.002 0 -0.00066446 0.00065368 0.00092573
0.002 -0.002 0.001 -0.0005935 0.00058385 0.0008603
0.002 -0.002 0.002 -0.0005324 0.00052353 0.00079973
0.002 -0.002 0.003 -0.00048117 0.00047272 0.000744
0.002 -0.002 0.004 -0.00043981 0.00043142 0.00069311
0.002 -0.002 0.005 -0.00040832 0.00039963 0.00064708
0.002 -0.003 0.005 -0.00043146 0.00037638 0.00068571
0.002 -0.003 0.004 -0.00046522 0.00040514 0.00073552
0.002 -0.003 0.003 -0.00051054 0.00044331 0.00079145
0.002 -0.003 0.002 -0.0005674 0.00049088 0.00085348
0.002 -0.003 0.001 -0.00063581 0.00054788 0.00092161
0.002 -0.003 0 -0.00071577 0.00061428 0.00099585
0.002 -0.003 -0.001 -0.00080728 0.00069009 0.0010762
0.002 -0.003 -0.002 -0.00091034 0.00077532 0.0011627
0.002 -0.003 -0.003 -0.001025 0.00086996 0.0012552
0.002 -0.003 -0.004 -0.0011511 0.00097401 0.0013539
0.002 -0.003 -0.005 -0.0012888 0.0010875 0.0014587
0.002 -0.004 -0.005 -0.001417 0.0010122 0.0015943
0.002 -0.004 -0.004 -0.0012608 0.00090475 0.0014737
0.002 -0.004 -0.003 -0.0011179 0.00080643 0.0013605
0.002 -0.004 -0.002 -0.00098837 0.00071726 0.0012549
0.002 -0.004 -0.001 -0.00087216 0.00063724 0.0011566
0.002 -0.004 0 -0.0007693 0.00056637 0.0010659
0.002 -0.004 0.001 -0.00067977 0.00050465 0.00098257
0.002 -0.004 0.002 -0.00060358 0.00045208 0.00090673
0.002 -0.004 0.003 -0.00054073 0.00040866 0.00083834
0.002 -0.004 0.004 -0.00049122 0.0003744 0.0007774
0.002 -0.004 0.005 -0.00045504 0.00034928 0.00072393
0.002 -0.005 0.005 -0.00047907 0.00031833 0.00076174
0.002 -0.005 0.004 -0.0005178 0.0003392 0.00081875
0.002 -0.005 0.003 -0.00057175 0.0003688 0.00088466
0.002 -0.005 0.002 -0.00064095 0.00040712 0.00095948
0.002 -0.005 0.001 -0.00072538 0.00045417 0.0010432
0.002 -0.005 0 -0.00082504 0.00050995 0.0011358
0.002 -0.005 -0.001 -0.00093994 0.00057445 0.0012373
0.002 -0.005 -0.002 -0.0010701 0.00064768 0.0013477
0.002 -0.005 -0.003 -0.0012155 0.00072963 0.0014671
0.002 -0.005 -0.004 -0.0013761 0.00082032 0.0015953
0.002 -0.005 -0.005 -0.0015519 0.00091972 0.0017324
0.003 -0.005 -0.005 -0.0015178 0.0010547 0.0019443
0.003 -0.005 -0.004 -0.0013415 0.00093453 0.0017797
0.003 -0.005 -0.003 -0.0011806 0.00082514 0.0016265
0.003 -0.005 -0.002 -0.0010353 0.00072653 0.0014847
0.003 -0.005 -0.001 -0.0009056 0.0006387 0.0013543
0.003 -0.005 0 -0.00079142 0.00056163 0.0012352
0.003 -0.005 0.001 -0.00069279 0.00049535 0.0011276
0.003 -0.005 0.002 -0.0006097 0.00043984 0.0010313
0.003 -0.005 0.003 -0.00054217 0.0003951 0.00094645
0.003 -0.005 0.004 -0.00049019 0.00036114 0.00087297
0.003 -0.005 0.005 -0.00045376 0.00033795 0.00081087
0.003 -0.004 0.005 -0.00043029 0.00037031 0.00076964
0.003 -0.004 0.004 -0.00046395 0.0003975 0.00082771
0.003 -0.004 0.003 -0.00051108 0.00043581 0.00089531
0.003 -0.004 0.002 -0.00057169 0.00048525 0.00097245
0.003 -0.004 0.001 -0.00064578 0.00054581 0.0010591
0.003 -0.004 0 -0.00073335 0.00061751 0.0011553
0.003 -0.004 -0.001 -0.00083439 0.00070034 0.0012611
0.003 -0.004 -0.002 -0.00094892 0.00079429 0.0013764
0.003 -0.004 -0.003 -0.0010769 0.00089938 0.0015012
0.003 -0.004 -0.004 -0.0012184 0.0010156 0.0016355
0.003 -0.004 -0.005 -0.0013734 0.0011429 0.0017794
0.003 -0.003 -0.005 -0.0012374 0.0012132 0.0016191
0.003 -0.003 -0.004 -0.0011025 0.0010808 0.0014948
0.003 -0.003 -0.003 -0.00097908 0.00095979 0.0013784
0.003 -0.003 -0.002 -0.00086722 0.00085006 0.0012697
0.003 -0.003 -0.001 -0.0007669 0.00075163 0.0011689
0.003 -0.003 0 -0.00067811 0.0006645 0.0010759
0.003 -0.003 0.001 -0.00060087 0.00058868 0.0009907
0.003 -0.003 0.002 -0.00053516 0.00052416 0.00091332
0.003 -0.003 0.003 -0.00048099 0.00047094 0.00084375
0.003 -0.003 0.004 -0.00043835 0.00042903 0.000782
0.003 -0.003 0.005 -0.00040726 0.00039841 0.00072805
0.003 -0.002 0.005 -0.00038465 0.00042224 0.00068611
0.003 -0.002 0.004 -0.00041341 0.00045573 0.00073584
0.003 -0.002 0.003 -0.0004519 0.00050051 0.00079178
0.003 -0.002 0.002 -0.00050011 0.00055658 0.00085394
0.003 -0.002 0.001 -0.00055805 0.00062395 0.00092233
0.003 -0.002 0 -0.00062572 0.00070262 0.00099693
0.003 -0.002 -0.001 -0.00070312 0.00079257 0.0010777
0.003 -0.002 -0.002 -0.00079024 0.00089383 0.0011648
0.003 -0.002 -0.003 -0.00088709 0.0010064 0.001258
0.003 -0.002 -0.004 -0.00099367 0.0011302 0.0013575
0.003 -0.002 -0.005 -0.00111 0.0012654 0.0014632
0.003 -0.001 -0.005 -0.00099104 0.0012995 0.0013119
0.003 -0.001 -0.004 -0.00089197 0.0011638 0.0012237
0.003 -0.001 -0.003 -0.00080095 0.0010391 0.0011403
0.003 -0.001 -0.002 -0.00071798 0.0009256 0.0010616
0.003 -0.001 -0.001 -0.00064305 0.00082317 0.00098762
0.003 -0.001 0 -0.00057617 0.00073184 0.00091843
0.003 -0.001 0.001 -0.00051734 0.00065162 0.000854
0.003 -0.001 0.002 -0.00046655 0.00058251 0.00079432
0.003 -0.001 0.003 -0.00042381 0.0005245 0.0007394
0.003 -0.001 0.004 -0.00038912 0.0004776 0.00068923
0.003 -0.001 0.005 -0.00036247 0.0004418 0.00064382
0.003 0 0.005 -0.00034073 0.00045709 0.00060118
0.003 0 0.004 -0.00036548 0.00049464 0.00064218
0.003 0 0.003 -0.00039673 0.00054292 0.00068661
0.003 0 0.002 -0.00043447 0.00060194 0.00073445
0.003 0 0.001 -0.00047872 0.0006717 0.00078572
0.003 0 0 -0.00052946 0.00075219 0.0008404
0.003 0 -0.001 -0.0005867 0.00084342 0.00089851
0.003 0 -0.002 -0.00065043 0.00094538 0.00096004
0.003 0 -0.003 -0.00072066 0.0010581 0.001025
0.003 0 -0.004 -0.0007974 0.0011815 0.0010934
0.003 0 -0.005 -0.00088062 0.0013157 0.0011651
0.003 0.001 -0.005 -0.00077872 0.0013138 0.0010229
0.003 0.001 -0.004 -0.00070993 0.0011834 0.00096646
0.003 0.001 -0.003 -0.00064623 0.0010632 0.00091223
0.003 0.001 -0.002 -0.0005876 0.00095316 0.00086022
0.003 0.001 -0.001 -0.00053406 0.00085331 0.00081043
0.003 0.001 0 -0.00048559 0.00076365 0.00076285
0.003 0.001 0.001 -0.0004422 0.00068417 0.00071748
0.003 0.001 0.002 -0.00040388 0.00061488 0.00067433
0.003 0.001 0.003 -0.00037065 0.00055577 0.0006334
0.003 0.001 0.004 -0.00034249 0.00050685 0.00059468
0.003 0.001 0.005 -0.00031941 0.00046812 0.00055818
0.003 0.002 0.005 -0.00029852 0.00047488 0.00051483
0.003 0.002 0.004 -0.00032015 0.00051424 0.00054674
0.003 0.002 0.003 -0.00034557 0.00056305 0.00057978
0.003 0.002 0.002 -0.00037478 0.00062132 0.00061397
0.003 0.002 0.001 -0.00040777 0.00068905 0.0006493
0.003 0.002 0 -0.00044456 0.00076623 0.00068576
0.003 0.002 -0.001 -0.00048513 0.00085286 0.00072336
0.003 0.002 -0.002 -0.0005295 0.00094895 0.00076211
0.003 0.002 -0.003 -0.00057765 0.0010545 0.00080199
0.003 0.002 -0.004 -0.00062959 0.0011695 0.00084301
0.003 0.002 -0.005 -0.00068532 0.0012939 0.00088517
0.003 0.003 -0.005 -0.00060043 0.001256 0.00075198
0.003 0.003 -0.004 -0.00055636 0.0011397 0.00072302
0.003 0.003 -0.003 -0.00051492 0.001032 0.00069427
0.003 0.003 -0.002 -0.0004761 0.00093275 0.0006657
0.003 0.003 -0.001 -0.00043992 0.00084206 0.00063732
0.003 0.003 0 -0.00040637 0.00075993 0.00060914
0.003 0.003 0.001 -0.00037545 0.00068633 0.00058115
0.003 0.003 0.002 -0.00034715 0.00062127 0.00055336
0.003 0.003 0.003 -0.00032149 0.00056476 0.00052575
0.003 0.003 0.004 -0.00029846 0.00051679 0.00049834
0.003 0.003 0.005 -0.00027806 0.00047736 0.00047112
0.003 0.004 0.005 -0.00025803 0.00047559 0.00042707
0.003 0.004 0.004 -0.00027743 0.00051452 0.0004495
0.003 0.004 0.003 -0.00029842 0.0005609 0.00047131
0.003 0.004 0.002 -0.00032102 0.00061473 0.0004925
0.003 0.004 0.001 -0.00034522 0.00067601 0.00051306
0.003 0.004 0 -0.00037102 0.00074474 0.00053299
0.003 0.004 -0.001 -0.00039842 0.00082092 0.00055231
0.003 0.004 -0.002 -0.00042743 0.00090454 0.00057099
0.003 0.004 -0.003 -0.00045804 0.00099562 0.00058906
0.003 0.004 -0.004 -0.00049025 0.0010941 0.00060649
0.003 0.004 -0.005 -0.00052406 0.0012001 0.00062331
0.003 0.005 -0.005 -0.0004562 0.0011262 0.00049917
0.003 0.005 -0.004 -0.00043125 0.0010327 0.00049342
0.003 0.005 -0.003 -0.00040701 0.00094545 0.00048636
0.003 0.005 -0.002 -0.00038347 0.00086435 0.00047799
0.003 0.005 -0.001 -0.00036064 0.00078942 0.00046831
0.003 0.005 0 -0.00033851 0.00072067 0.00045732
0.003 0.005 0.001 -0.00031709 0.00065809 0.00044501
0.003 0.005 0.002 -0.00029637 0.00060169 0.00043139
0.003 0.005 0.003 -0.00027635 0.00055147 0.00041646
0.003 0.005 0.004 -0.00025704 0.00050742 0.00040021
0.003 0.005 0.005 -0.00023843 0.00046954 0.00038265
0.004 0.005 0.005 -0.00021547 0.00048358 0.0003992
0.004 0.005 0.004 -0.00023277 0.0005232 0.00041805
0.004 0.005 0.003 -0.00025037 0.00056953 0.00043567
0.004 0.005 0.002 -0.00026828 0.00062258 0.00045207
0.004 0.005 0.001 -0.00028649 0.00068234 0.00046723
0.004 0.005 0 -0.000305 0.00074882 0.00048117
0.004 0.005 -0.001 -0.00032382 0.00082202 0.00049388
0.004 0.005 -0.002 -0.00034294 0.00090193 0.00050536
0.004 0.005 -0.003 -0.00036236 0.00098855 0.00051561
0.004 0.005 -0.004 -0.00038209 0.0010819 0.00052464
0.004 0.005 -0.005 -0.00040212 0.001182 0.00053243
0.004 0.004 -0.005 -0.00046076 0.0012682 0.00066492
0.004 0.004 -0.004 -0.0004331 0.0011534 0.00064521
0.004 0.004 -0.003 -0.00040656 0.001047 0.00062504
0.004 0.004 -0.002 -0.00038114 0.00094877 0.0006044
0.004 0.004 -0.001 -0.00035684 0.00085882 0.00058328
0.004 0.004 0 -0.00033365 0.00077711 0.00056169
0.004 0.004 0.001 -0.00031158 0.00070366 0.00053964
0.004 0.004 0.002 -0.00029063 0.00063846 0.00051711
0.004 0.004 0.003 -0.00027079 0.00058152 0.00049411
0.004 0.004 0.004 -0.00025207 0.00053282 0.00047064
0.004 0.004 0.005 -0.00023447 0.00049238 0.0004467
0.004 0.003 0.005 -0.00025386 0.00049644 0.00049388
0.004 0.003 0.004 -0.00027206 0.00053722 0.00052285
0.004 0.003 0.003 -0.00029235 0.00058758 0.00055228
0.004 0.003 0.002 -0.00031474 0.00064753 0.00058217
0.004 0.003 0.001 -0.00033921 0.00071708 0.00061251
0.004 0.003 0 -0.00036577 0.0007962 0.00064332
0.004 0.003 -0.001 -0.00039443 0.00088492 0.00067459
0.004 0.003 -0.002 -0.00042518 0.00098322 0.00070632
0.004 0.003 -0.003 -0.00045802 0.0010911 0.00073852
0.004 0.003 -0.004 -0.00049295 0.0012086 0.00077117
0.004 0.003 -0.005 -0.00052997 0.0013357 0.00080428
0.004 0.002 -0.005 -0.00060977 0.0013845 0.00095052
0.004 0.002 -0.004 -0.00056164 0.0012474 0.0009025
0.004 0.002 -0.003 -0.00051673 0.001121 0.00085604
0.004 0.002 -0.002 -0.00047505 0.0010053 0.00081115
0.004 0.002 -0.001 -0.0004366 0.00090032 0.00076782
0.004 0.002 0 -0.00040137 0.00080609 0.00072606
0.004 0.002 0.001 -0.00036937 0.00072258 0.00068587
0.004 0.002 0.002 -0.0003406 0.00064979 0.00064724
0.004 0.002 0.003 -0.00031505 0.00058772 0.00061018
0.004 0.002 0.004 -0.00029273 0.00053638 0.00057468
0.004 0.002 0.005 -0.00027364 0.00049575 0.00054075
0.004 0.001 0.005 -0.0002938 0.00049033 0.00058729
0.004 0.001 0.004 -0.00031408 0.00053031 0.00062613
0.004 0.001 0.003 -0.00033889 0.00058194 0.00066781
0.004 0.001 0.002 -0.00036822 0.00064523 0.00071233
0.004 0.001 0.001 -0.00040207 0.00072018 0.0007597
0.004 0.001 0 -0.00044045 0.00080677 0.00080991
0.004 0.001 -0.001 -0.00048334 0.00090503 0.00086297
0.004 0.001 -0.002 -0.00053076 0.0010149 0.00091887
0.004 0.001 -0.003 -0.0005827 0.0011365 0.00097761
0.004 0.001 -0.004 -0.00063916 0.0012697 0.0010392
0.004 0.001 -0.005 -0.00070014 0.0014146 0.0011036
0.004 0 -0.005 -0.00080109 0.001426 0.0012636
0.004 0 -0.004 -0.00072552 0.0012757 0.0011813
0.004 0 -0.003 -0.00065592 0.0011378 0.0011032
0.004 0 -0.002 -0.0005923 0.0010122 0.0010295
0.004 0 -0.001 -0.00053466 0.00089904 0.00096003
0.004 0 0 -0.000483 0.00079826 0.00089487
0.004 0 0.001 -0.00043731 0.00070986 0.00083401
0.004 0 0.002 -0.0003976 0.00063386 0.00077744
0.004 0 0.003 -0.00036387 0.00057024 0.00072517
0.004 0 0.004 -0.00033611 0.000519 0.0006772
0.004 0 0.005 -0.00031434 0.00048015 0.00063352
0.004 -0.001 0.005 -0.00033527 0.00046524 0.00067943
0.004 -0.001 0.004 -0.00035883 0.00050246 0.00072789
0.004 -0.001 0.003 -0.00038998 0.00055261 0.00078227
0.004 -0.001 0.002 -0.00042874 0.00061567 0.00084257
0.004 -0.001 0.001 -0.00047508 0.00069164 0.0009088
0.004 -0.001 0 -0.00052902 0.00078054 0.00098094
0.004 -0.001 -0.001 -0.00059055 0.00088235 0.001059
0.004 -0.001 -0.002 -0.00065968 0.00099707 0.001143
0.004 -0.001 -0.003 -0.0007364 0.0011247 0.0012329
0.004 -0.001 -0.004 -0.00082072 0.0012653 0.0013287
0.004 -0.001 -0.005 -0.00091263 0.0014188 0.0014305
0.004 -0.002 -0.005 -0.0010347 0.0013928 0.0016042
0.004 -0.002 -0.004 -0.00092475 0.0012385 0.0014816
0.004 -0.002 -0.003 -0.00082414 0.0010974 0.0013666
0.004 -0.002 -0.002 -0.00073289 0.00096955 0.0012594
0.004 -0.002 -0.001 -0.00065102 0.00085496 0.0011599
0.004 -0.002 0 -0.00057852 0.00075362 0.0010681
0.004 -0.002 0.001 -0.00051539 0.00066552 0.00098406
0.004 -0.002 0.002 -0.00046163 0.00059066 0.00090772
0.004 -0.002 0.003 -0.00041724 0.00052906 0.0008391
0.004 -0.002 0.004 -0.00038222 0.00048069 0.00077819
0.004 -0.002 0.005 -0.00035658 0.00044558 0.00072501
0.004 -0.003 0.005 -0.00037827 0.00042117 0.00077028
0.004 -0.003 0.004 -0.0004063 0.00045369 0.00082812
0.004 -0.003 0.003 -0.00044563 0.00049958 0.00089566
0.004 -0.003 0.002 -0.00049628 0.00055884 0.00097288
0.004 -0.003 0.001 -0.00055823 0.00063148 0.0010598
0.004 -0.003 0 -0.00063149 0.00071749 0.0011564
0.004 -0.003 -0.001 -0.00071606 0.00081687 0.0012627
0.004 -0.003 -0.002 -0.00081194 0.00092963 0.0013787
0.004 -0.003 -0.003 -0.00091913 0.0010558 0.0015044
0.004 -0.003 -0.004 -0.0010376 0.0011953 0.0016398
0.004 -0.003 -0.005 -0.0011674 0.0013481 0.0017848
0.004 -0.004 -0.005 -0.0013107 0.0012848 0.0019723
0.004 -0.004 -0.004 -0.0011593 0.0011357 0.0018034
0.004 -0.004 -0.003 -0.0010214 0.00099984 0.0016462
0.004 -0.004 -0.002 -0.00089682 0.00087732 0.0015009
0.004 -0.004 -0.001 -0.00078568 0.00076809 0.0013674
0.004 -0.004 0 -0.00068794 0.00067216 0.0012458
0.004 -0.004 0.001 -0.00060361 0.00058954 0.001136
0.004 -0.004 0.002 -0.00053268 0.00052021 0.0010381
0.004 -0.004 0.003 -0.00047517 0.00046418 0.00095195
0.004 -0.004 0.004 -0.00043106 0.00042145 0.00087767
0.004 -0.004 0.005 -0.00040035 0.00039202 0.00081524
0.004 -0.005 0.005 -0.00042282 0.00035813 0.00085987
0.004 -0.005 0.004 -0.0004565 0.00038398 0.00092684
0.004 -0.005 0.003 -0.00050584 0.00042286 0.001008
0.004 -0.005 0.002 -0.00057085 0.00047476 0.0011033
0.004 -0.005 0.001 -0.00065152 0.00053969 0.0012127
0.004 -0.005 0 -0.00074786 0.00061764 0.0013363
0.004 -0.005 -0.001 -0.00085987 0.00070861 0.0014741
0.004 -0.005 -0.002 -0.00098754 0.00081261 0.001626
0.004 -0.005 -0.003 -0.0011309 0.00092963 0.0017921
0.004 -0.005 -0.004 -0.0012899 0.0010597 0.0019723
0.004 -0.005 -0.005 -0.0014645 0.0012028 0.0021667
0.005 -0.005 -0.005 -0.001392 0.0013639 0.0023996
0.005 -0.005 -0.004 -0.0012213 0.0011958 0.0021731
0.005 -0.005 -0.003 -0.0010662 0.0010431 0.0019638
0.005 -0.005 -0.002 -0.00092669 0.00090591 0.0017716
0.005 -0.005 -0.001 -0.00080274 0.00078419 0.0015967
0.005 -0.005 0 -0.00069437 0.00067795 0.001439
0.005 -0.005 0.001 -0.00060159 0.00058718 0.0012985
0.005 -0.005 0.002 -0.00052438 0.00051189 0.0011753
0.005 -0.005 0.003 -0.00046276 0.00045208 0.0010692
0.005 -0.005 0.004 -0.00041671 0.00040773 0.00098037
0.005 -0.005 0.005 -0.00038625 0.00037887 0.00090873
0.005 -0.004 0.005 -0.00036523 0.00041441 0.00086072
0.005 -0.004 0.004 -0.00039255 0.00044627 0.0009273
0.005 -0.004 0.003 -0.000433 0.00049379 0.0010083
0.005 -0.004 0.002 -0.00048657 0.00055697 0.0011036
0.005 -0.004 0.001 -0.00055326 0.00063582 0.0012133
0.005 -0.004 0 -0.00063308 0.00073033 0.0013373
0.005 -0.004 -0.001 -0.00072602 0.0008405 0.0014757
0.005 -0.004 -0.002 -0.00083208 0.00096633 0.0016285
0.005 -0.004 -0.003 -0.00095126 0.0011078 0.0017956
0.005 -0.004 -0.004 -0.0010836 0.001265 0.0019772
0.005 -0.004 -0.005 -0.001229 0.0014378 0.0021731
0.005 -0.003 -0.005 -0.0010788 0.0014925 0.001956
0.005 -0.003 -0.004 -0.00095653 0.0013174 0.0017888
0.005 -0.003 -0.003 -0.00084508 0.0011579 0.0016333
0.005 -0.003 -0.002 -0.0007445 0.001014 0.0014896
0.005 -0.003 -0.001 -0.00065477 0.00088583 0.0013576
0.005 -0.003 0 -0.00057591 0.00077324 0.0012374
0.005 -0.003 0.001 -0.0005079 0.00067627 0.0011289
0.005 -0.003 0.002 -0.00045076 0.00059493 0.0010322
0.005 -0.003 0.003 -0.00040448 0.00052922 0.00094716
0.005 -0.003 0.004 -0.00036906 0.00047913 0.00087391
0.005 -0.003 0.005 -0.00034451 0.00044467 0.0008124
0.005 -0.002 0.005 -0.0003241 0.00046964 0.00076378
0.005 -0.002 0.004 -0.00034625 0.00050632 0.00082018
0.005 -0.002 0.003 -0.0003772 0.00055837 0.00088594
0.005 -0.002 0.002 -0.00041695 0.00062577 0.00096104
0.005 -0.002 0.001 -0.0004655 0.00070855 0.0010455
0.005 -0.002 0 -0.00052285 0.00080668 0.0011393
0.005 -0.002 -0.001 -0.000589 0.00092018 0.0012425
0.005 -0.002 -0.002 -0.00066395 0.001049 0.001355
0.005 -0.002 -0.003 -0.00074769 0.0011933 0.0014768
0.005 -0.002 -0.004 -0.00084024 0.0013529 0.001608
0.005 -0.002 -0.005 -0.00094158 0.0015278 0.0017486
0.005 -0.001 -0.005 -0.0008172 0.0015439 0.0015507
0.005 -0.001 -0.004 -0.00073468 0.0013715 0.0014348
0.005 -0.001 -0.003 -0.00065909 0.001214 0.0013261
0.005 -0.001 -0.002 -0.00059043 0.0010713 0.0012246
0.005 -0.001 -0.001 -0.00052871 0.00094356 0.0011302
0.005 -0.001 0 -0.00047392 0.00083066 0.001043
0.005 -0.001 0.001 -0.00042607 0.00073264 0.00096304
0.005 -0.001 0.002 -0.00038515 0.00064949 0.00089023
0.005 -0.001 0.003 -0.00035116 0.00058123 0.00082459
0.005 -0.001 0.004 -0.00032411 0.00052784 0.00076613
0.005 -0.001 0.005 -0.00030399 0.00048932 0.00071485
0.005 0 0.005 -0.00028419 0.00050372 0.00066561
0.005 0 0.004 -0.00030264 0.00054368 0.00071175
0.005 0 0.003 -0.00032636 0.0005978 0.00076311
0.005 0 0.002 -0.00035535 0.00066609 0.00081971
0.005 0 0.001 -0.0003896 0.00074855 0.00088154
0.005 0 0 -0.00042912 0.00084517 0.0009486
0.005 0 -0.001 -0.0004739 0.00095596 0.0010209
0.005 0 -0.002 -0.00052395 0.0010809 0.0010984
0.005 0 -0.003 -0.00057927 0.00122 0.0011812
0.005 0 -0.004 -0.00063985 0.0013733 0.0012691
0.005 0 -0.005 -0.0007057 0.0015408 0.0013624
0.005 0.001 -0.005 -0.00060708 0.0015184 0.0011836
0.005 0.001 -0.004 -0.00055576 0.0013583 0.0011111
0.005 0.001 -0.003 -0.00050823 0.0012114 0.001042
0.005 0.001 -0.002 -0.0004645 0.0010778 0.0009765
0.005 0.001 -0.001 -0.00042457 0.00095739 0.00091448
0.005 0.001 0 -0.00038843 0.00085022 0.00085598
0.005 0.001 0.001 -0.00035609 0.00075628 0.00080098
0.005 0.001 0.002 -0.00032755 0.00067557 0.00074949
0.005 0.001 0.003 -0.0003028 0.0006081 0.00070151
0.005 0.001 0.004 -0.00028185 0.00055385 0.00065704
0.005 0.001 0.005 -0.0002647 0.00051283 0.00061607
0.005 0.002 0.005 -0.00024551 0.00051665 0.00056623
0.005 0.002 0.004 -0.00026174 0.00055834 0.000602
0.005 0.002 0.003 -0.00028048 0.0006121 0.00063977
0.005 0.002 0.002 -0.00030175 0.00067793 0.00067956
0.005 0.002 0.001 -0.00032555 0.00075583 0.00072136
0.005 0.002 0 -0.00035187 0.0008458 0.00076518
0.005 0.002 -0.001 -0.00038071 0.00094784 0.000811
0.005 0.002 -0.002 -0.00041208 0.0010619 0.00085884
0.005 0.002 -0.003 -0.00044598 0.0011881 0.00090869
0.005 0.002 -0.004 -0.0004824 0.0013264 0.00096054
0.005 0.002 -0.005 -0.00052134 0.0014767 0.0010144
0.005 0.003 -0.005 -0.00044848 0.0014157 0.0008548
0.005 0.003 -0.004 -0.00041977 0.0012776 0.0008176
0.005 0.003 -0.003 -0.00039251 0.0011502 0.00078114
0.005 0.003 -0.002 -0.0003667 0.0010334 0.00074542
0.005 0.003 -0.001 -0.00034233 0.00092731 0.00071044
0.005 0.003 0 -0.00031942 0.00083191 0.0006762
0.005 0.003 0.001 -0.00029797 0.0007472 0.0006427
0.005 0.003 0.002 -0.00027796 0.00067317 0.00060994
0.005 0.003 0.003 -0.0002594 0.00060983 0.00057791
0.005 0.003 0.004 -0.00024229 0.00055717 0.00054663
0.005 0.003 0.005 -0.00022664 0.00051519 0.00051608
0.005 0.004 0.005 -0.00020806 0.00050844 0.00046562
0.005 0.004 0.004 -0.00022352 0.00055032 0.00049093
0.005 0.004 0.003 -0.00023956 0.00060127 0.00051592
0.005 0.004 0.002 -0.00025617 0.00066129 0.00054061
0.005 0.004 0.001 -0.00027335 0.00073039 0.00056498
0.005 0.004 0 -0.0002911 0.00080856 0.00058905
0.005 0.004 -0.001 -0.00030944 0.00089581 0.00061281
0.005 0.004 -0.002 -0.00032834 0.00099213 0.00063626
0.005 0.004 -0.003 -0.00034782 0.0010975 0.00065939
0.005 0.004 -0.004 -0.00036787 0.001212 0.00068222
0.005 0.004 -0.005 -0.0003885 0.0013355 0.00070474
0.005 0.005 -0.005 -0.00034141 0.001236 0.00056426
0.005 0.005 -0.004 -0.00032671 0.0011295 0.00055442
0.005 0.005 -0.003 -0.00031192 0.0010302 0.00054344
0.005 0.005 -0.002 -0.00029702 0.00093815 0.00053133
0.005 0.005 -0.001 -0.00028202 0.00085333 0.00051809
0.005 0.005 0 -0.00026691 0.00077575 0.00050372
0.005 0.005 0.001 -0.00025169 0.0007054 0.00048821
0.005 0.005 0.002 -0.00023638 0.00064229 0.00047157
0.005 0.005 0.003 -0.00022095 0.00058642 0.0004538
0.005 0.005 0.004 -0.00020543 0.00053779 0.0004349
0.005 0.005 0.005 -0.0001898 0.0004964 0.00041486
