1331
11 11 11
-0.005 0.005
-0.005 0.005
-0.005 0.005
-0.005 -0.005 -0.005 0.0014142 0.0012698 0.0023324
-0.005 -0.005 -0.004 0.0012411 0.0011127 0.0021119
-0.005 -0.005 -0.003 0.0010839 0.00097039 0.0019085
-0.005 -0.005 -0.002 0.00094238 0.00084282 0.0017222
-0.005 -0.005 -0.001 0.00081673 0.00073 0.001553
-0.005 -0.005 0 0.00070689 0.00063192 0.0014008
-0.005 -0.005 0.001 0.00061286 0.00054859 0.0012657
-0.005 -0.005 0.002 0.00053464 0.00048001 0.0011476
-0.005 -0.005 0.003 0.00047223 0.00042618 0.0010467
-0.005 -0.005 0.004 0.00042564 0.00038709 0.00096278
-0.005 -0.005 0.005 0.00039486 0.00036276 0.00089596
-0.005 -0.004 0.005 0.0003711 0.00039782 0.00084846
-0.005 -0.004 0.004 0.00039907 0.00042584 0.00091166
-0.005 -0.004 0.003 0.00044058 0.00046882 0.00098902
-0.005 -0.004 0.002 0.00049565 0.00052678 0.0010805
-0.005 -0.004 0.001 0.00056426 0.00059972 0.0011862
-0.005 -0.004 0 0.00064642 0.00068763 0.001306
-0.005 -0.004 -0.001 0.00074213 0.00079052 0.00144
-0.005 -0.004 -0.002 0.00085139 0.00090838 0.0015881
-0.005 -0.004 -0.003 0.00097419 0.0010412 0.0017504
-0.005 -0.004 -0.004 0.0011105 0.001189 0.0019268
-0.005 -0.004 -0.005 0.0012605 0.0013518 0.0021173
-0.005 -0.003 -0.005 0.0011176 0.0014141 0.0019107
-0.005 -0.003 -0.004 0.00098917 0.0012481 0.001748
-0.005 -0.003 -0.003 0.0008722 0.001097 0.0015968
-0.005 -0.003 -0.002 0.00076668 0.00096097 0.0014571
-0.005 -0.003 -0.001 0.0006726 0.00083987 0.0013289
-0.005 -0.003 0 0.00058996 0.00073375 0.0012122
-0.005 -0.003 0.001 0.00051876 0.00064259 0.0011069
-0.005 -0.003 0.002 0.000459 0.00056641 0.0010132
-0.005 -0.003 0.003 0.00041069 0.0005052 0.00093093
-0.005 -0.003 0.004 0.00037381 0.00045896 0.00086016
-0.005 -0.003 0.005 0.00034838 0.0004277 0.00080089
-0.005 -0.002 0.005 0.00032668 0.00045238 0.00075326
-0.005 -0.002 0.004 0.00034987 0.00048648 0.00080829
-0.005 -0.002 0.003 0.00038254 0.00053531 0.00087241
-0.005 -0.002 0.002 0.00042471 0.00059889 0.00094561
-0.005 -0.002 0.001 0.00047636 0.0006772 0.0010279
-0.005 -0.002 0 0.00053751 0.00077026 0.0011193
-0.005 -0.002 -0.001 0.00060814 0.00087806 0.0012197
-0.005 -0.002 -0.002 0.00068827 0.0010006 0.0013293
-0.005 -0.002 -0.003 0.00077789 0.0011379 0.0014479
-0.005 -0.002 -0.004 0.00087699 0.0012899 0.0015756
-0.005 -0.002 -0.005 0.00098559 0.0014567 0.0017124
-0.005 -0.001 -0.005 0.00086451 0.0014795 0.0015225
-0.005 -0.001 -0.004 0.00077403 0.0013145 0.0014096
-0.005 -0.001 -0.003 0.00069124 0.0011637 0.0013036
-0.005 -0.001 -0.002 0.00061615 0.0010273 0.0012046
-0.005 -0.001 -0.001 0.00054876 0.00090508 0.0011125
-0.005 -0.001 0 0.00048906 0.00079717 0.0010273
-0.005 -0.001 0.001 0.00043706 0.00070355 0.00094909
-0.005 -0.001 0.002 0.00039276 0.00062421 0.0008778
-0.005 -0.001 0.003 0.00035615 0.00055915 0.00081345
-0.005 -0.001 0.004 0.00032723 0.00050838 0.00075604
-0.005 -0.001 0.005 0.00030602 0.00047188 0.00070556
-0.005 0 0.005 0.00028639 0.00048618 0.0006578
-0.005 0 0.004 0.00030592 0.00052466 0.00070341
-0.005 0 0.003 0.0003315 0.00057673 0.00075407
-0.005 0 0.002 0.00036315 0.00064239 0.00080977
-0.005 0 0.001 0.00040086 0.00072164 0.00087052
-0.005 0 0 0.00044462 0.00081449 0.00093631
-0.005 0 -0.001 0.00049444 0.00092092 0.0010072
-0.005 0 -0.002 0.00055032 0.001041 0.001083
-0.005 0 -0.003 0.00061227 0.0011746 0.001164
-0.005 0 -0.004 0.00068026 0.0013218 0.00125
-0.005 0 -0.005 0.00075432 0.0014826 0.001341
-0.005 0.001 -0.005 0.00065504 0.0014659 0.0011679
-0.005 0.001 -0.004 0.00059571 0.0013118 0.0010967
-0.005 0.001 -0.003 0.00054096 0.0011704 0.001029
-0.005 0.001 -0.002 0.00049079 0.0010417 0.00096466
-0.005 0.001 -0.001 0.0004452 0.0009256 0.00090375
-0.005 0.001 0 0.00040418 0.0008222 0.00084625
-0.005 0.001 0.001 0.00036775 0.00073147 0.00079217
-0.005 0.001 0.002 0.00033589 0.00065342 0.0007415
-0.005 0.001 0.003 0.00030861 0.00058804 0.00069425
-0.005 0.001 0.004 0.00028591 0.00053533 0.00065041
-0.005 0.001 0.005 0.00026779 0.0004953 0.00060998
-0.005 0.002 0.005 0.00025022 0.00049922 0.0005621
-0.005 0.002 0.004 0.00026722 0.00054038 0.00059703
-0.005 0.002 0.003 0.00028747 0.00059308 0.000634
-0.005 0.002 0.002 0.00031098 0.0006573 0.000673
-0.005 0.002 0.001 0.00033774 0.00073304 0.00071405
-0.005 0.002 0 0.00036776 0.00082031 0.00075714
-0.005 0.002 -0.001 0.00040102 0.00091911 0.00080226
-0.005 0.002 -0.002 0.00043755 0.0010294 0.00084943
-0.005 0.002 -0.003 0.00047733 0.0011513 0.00089863
-0.005 0.002 -0.004 0.00052036 0.0012847 0.00094988
-0.005 0.002 -0.005 0.00056665 0.0014296 0.0010032
-0.005 0.003 -0.005 0.00048915 0.0013734 0.00084681
-0.005 0.003 -0.004 0.00045422 0.0012402 0.0008094
-0.005 0.003 -0.003 0.00042136 0.0011171 0.00077291
-0.005 0.003 -0.002 0.0003906 0.0010042 0.00073734
-0.005 0.003 -0.001 0.00036192 0.00090145 0.0007027
-0.005 0.003 0 0.00033533 0.00080882 0.00066897
-0.005 0.003 0.001 0.00031083 0.00072635 0.00063616
-0.005 0.003 0.002 0.00028841 0.00065402 0.00060428
-0.005 0.003 0.003 0.00026808 0.00059185 0.00057331
-0.005 0.003 0.004 0.00024984 0.00053982 0.00054327
-0.005 0.003 0.005 0.00023369 0.00049795 0.00051415
-0.005 0.004 0.005 0.00021819 0.00049149 0.00046613
-0.005 0.004 0.004 0.00023378 0.00053365 0.00048914
-0.005 0.004 0.003 0.00025045 0.00058435 0.0005122
-0.005 0.004 0.002 0.00026819 0.0006436 0.00053532
-0.005 0.004 0.001 0.00028701 0.0007114 0.0005585
-0.005 0.004 0 0.00030691 0.00078773 0.00058174
-0.005 0.004 -0.001 0.00032789 0.00087262 0.00060505
-0.005 0.004 -0.002 0.00034994 0.00096604 0.00062841
-0.005 0.004 -0.003 0.00037307 0.001068 0.00065183
-0.005 0.004 -0.004 0.00039728 0.0011785 0.00067531
-0.005 0.004 -0.005 0.00042256 0.0012976 0.00069885
-0.005 0.005 -0.005 0.00036686 0.001202 0.00055928
-0.005 0.005 -0.004 0.00034955 0.0010996 0.0005476
-0.005 0.005 -0.003 0.00033245 0.0010039 0.00053538
-0.005 0.005 -0.002 0.00031558 0.0009149 0.00052262
-0.005 0.005 -0.001 0.00029893 0.00083262 0.00050931
-0.005 0.005 0 0.0002825 0.00075705 0.00049546
-0.005 0.005 0.001 0.0002663 0.00068818 0.00048107
-0.005 0.005 0.002 0.00025032 0.00062603 0.00046613
-0.005 0.005 0.003 0.00023456 0.00057059 0.00045065
-0.005 0.005 0.004 0.00021903 0.00052186 0.00043463
-0.005 0.005 0.005 0.00020372 0.00047984 0.00041806
-0.004 0.005 0.005 0.00022452 0.00046631 0.0003981
-0.004 0.005 0.004 0.00024145 0.00050627 0.00041448
-0.004 0.005 0.003 0.00025922 0.00055243 0.00043007
-0.004 0.005 0.002 0.00027783 0.00060477 0.00044488
-0.004 0.005 0.001 0.00029728 0.00066331 0.0004589
-0.004 0.005 0 0.00031756 0.00072804 0.00047214
-0.004 0.005 -0.001 0.00033868 0.00079897 0.00048459
-0.004 0.005 -0.002 0.00036064 0.00087608 0.00049625
-0.004 0.005 -0.003 0.00038343 0.00095938 0.00050713
-0.004 0.005 -0.004 0.00040706 0.0010489 0.00051722
-0.004 0.005 -0.005 0.00043153 0.0011446 0.00052652
-0.004 0.004 -0.005 0.00049327 0.0012262 0.00065634
-0.004 0.004 -0.004 0.00046066 0.0011164 0.00063619
-0.004 0.004 -0.003 0.0004297 0.0010143 0.00061581
-0.004 0.004 -0.002 0.0004004 0.00091995 0.0005952
-0.004 0.004 -0.001 0.00037275 0.00083327 0.00057436
-0.004 0.004 0 0.00034675 0.00075429 0.00055329
-0.004 0.004 0.001 0.00032241 0.00068301 0.00053199
-0.004 0.004 0.002 0.00029971 0.00061943 0.00051046
-0.004 0.004 0.003 0.00027867 0.00056354 0.0004887
-0.004 0.004 0.004 0.00025929 0.00051535 0.0004667
-0.004 0.004 0.005 0.00024155 0.00047485 0.00044448
-0.004 0.003 0.005 0.00025925 0.00047867 0.00049048
-0.004 0.003 0.004 0.00027797 0.00051918 0.00051826
-0.004 0.003 0.003 0.00029932 0.00056869 0.00054657
-0.004 0.003 0.002 0.00032328 0.00062721 0.00057541
-0.004 0.003 0.001 0.00034986 0.00069473 0.00060479
-0.004 0.003 0 0.00037906 0.00077126 0.00063469
-0.004 0.003 -0.001 0.00041088 0.00085679 0.00066514
-0.004 0.003 -0.002 0.00044532 0.00095132 0.00069611
-0.004 0.003 -0.003 0.00048238 0.0010549 0.00072761
-0.004 0.003 -0.004 0.00052205 0.0011674 0.00075965
-0.004 0.003 -0.005 0.00056435 0.001289 0.00079222
-0.004 0.002 -0.005 0.00064478 0.001333 0.00093416
-0.004 0.002 -0.004 0.00059125 0.0012019 0.0008876
-0.004 0.002 -0.003 0.00054145 0.001081 0.00084254
-0.004 0.002 -0.002 0.0004954 0.0009702 0.00079898
-0.004 0.002 -0.001 0.00045308 0.00086951 0.00075692
-0.004 0.002 0 0.00041449 0.00077893 0.00071636
-0.004 0.002 0.001 0.00037964 0.00069847 0.00067731
-0.004 0.002 0.002 0.00034853 0.00062812 0.00063975
-0.004 0.002 0.003 0.00032115 0.00056788 0.00060369
-0.004 0.002 0.004 0.00029751 0.00051776 0.00056914
-0.004 0.002 0.005 0.00027761 0.00047775 0.00053608
-0.004 0.001 0.005 0.00029663 0.0004721 0.00058129
-0.004 0.001 0.004 0.00031791 0.00051109 0.00061934
-0.004 0.001 0.003 0.00034419 0.00056111 0.00066007
-0.004 0.001 0.002 0.00037547 0.00062215 0.00070347
-0.004 0.001 0.001 0.00041175 0.00069422 0.00074954
-0.004 0.001 0 0.00045304 0.00077732 0.00079829
-0.004 0.001 -0.001 0.00049933 0.00087144 0.00084971
-0.004 0.001 -0.002 0.00055063 0.00097658 0.00090381
-0.004 0.001 -0.003 0.00060693 0.0010928 0.00096059
-0.004 0.001 -0.004 0.00066823 0.0012199 0.00102
-0.004 0.001 -0.005 0.00073454 0.0013582 0.0010822
-0.004 0 -0.005 0.00083364 0.0013646 0.0012362
-0.004 0 -0.004 0.00075302 0.0012215 0.001157
-0.004 0 -0.003 0.00067881 0.0010901 0.0010818
-0.004 0 -0.002 0.00061102 0.00097047 0.0010106
-0.004 0 -0.001 0.00054966 0.00086257 0.00094352
-0.004 0 0 0.00049472 0.00076641 0.00088048
-0.004 0 0.001 0.00044619 0.000682 0.0008215
-0.004 0 0.002 0.00040409 0.00060932 0.00076657
-0.004 0 0.003 0.00036841 0.00054838 0.0007157
-0.004 0 0.004 0.00033915 0.00049918 0.00066888
-0.004 0 0.005 0.00031631 0.00046172 0.00062611
-0.004 -0.001 0.005 0.00033666 0.00044661 0.00067054
-0.004 -0.001 0.004 0.00036125 0.00048202 0.00071774
-0.004 -0.001 0.003 0.00039383 0.00052969 0.00077058
-0.004 -0.001 0.002 0.0004344 0.00058961 0.00082905
-0.004 -0.001 0.001 0.00048296 0.00066179 0.00089317
-0.004 -0.001 0 0.00053951 0.00074623 0.00096293
-0.004 -0.001 -0.001 0.00060405 0.00084291 0.0010383
-0.004 -0.001 -0.002 0.00067657 0.00095186 0.0011194
-0.004 -0.001 -0.003 0.00075709 0.0010731 0.001206
-0.004 -0.001 -0.004 0.0008456 0.0012065 0.0012984
-0.004 -0.001 -0.005 0.00094209 0.0013522 0.0013963
-0.004 -0.002 -0.005 0.0010599 0.001321 0.0015625
-0.004 -0.002 -0.004 0.00094597 0.001175 0.0014443
-0.004 -0.002 -0.003 0.00084177 0.0010416 0.0013335
-0.004 -0.002 -0.002 0.00074728 0.00092075 0.0012301
-0.004 -0.002 -0.001 0.0006625 0.00081246 0.0011341
-0.004 -0.002 0 0.00058742 0.00071675 0.0010456
-0.004 -0.002 0.001 0.00052206 0.00063361 0.00096456
-0.004 -0.002 0.002 0.0004664 0.00056304 0.00089092
-0.004 -0.002 0.003 0.00042044 0.00050504 0.00082471
-0.004 -0.002 0.004 0.0003842 0.00045962 0.00076593
-0.004 -0.002 0.005 0.00035766 0.00042677 0.00071458
-0.004 -0.003 0.005 0.00037933 0.00040219 0.00075823
-0.004 -0.003 0.004 0.000408 0.00043197 0.00081345
-0.004 -0.003 0.003 0.00044825 0.00047443 0.00087809
-0.004 -0.003 0.002 0.00050008 0.00052959 0.00095217
-0.004 -0.003 0.001 0.00056348 0.00059744 0.0010357
-0.004 -0.003 0 0.00063846 0.00067798 0.0011286
-0.004 -0.003 -0.001 0.00072502 0.00077122 0.001231
-0.004 -0.003 -0.002 0.00082315 0.00087714 0.0013428
-0.004 -0.003 -0.003 0.00093286 0.00099576 0.001464
-0.004 -0.003 -0.004 0.0010541 0.0011271 0.0015947
-0.004 -0.003 -0.005 0.001187 0.0012711 0.0017347
-0.004 -0.004 -0.005 0.0013235 0.0012023 0.001913
-0.004 -0.004 -0.004 0.0011701 0.0010626 0.0017495
-0.004 -0.004 -0.003 0.0010303 0.00093552 0.0015977
-0.004 -0.004 -0.002 0.00090417 0.00082104 0.0014574
-0.004 -0.004 -0.001 0.0007916 0.00071918 0.0013288
-0.004 -0.004 0 0.00069262 0.00062993 0.0012118
-0.004 -0.004 0.001 0.00060723 0.00055329 0.0011065
-0.004 -0.004 0.002 0.00053544 0.00048927 0.0010128
-0.004 -0.004 0.003 0.00047725 0.00043786 0.00093073
-0.004 -0.004 0.004 0.00043266 0.00039907 0.00086029
-0.004 -0.004 0.005 0.00040165 0.00037289 0.00080149
-0.004 -0.005 0.005 0.00042464 0.00033885 0.00084435
-0.004 -0.005 0.004 0.00045816 0.00036092 0.00090646
-0.004 -0.005 0.003 0.00050745 0.00039533 0.00098261
-0.004 -0.005 0.002 0.0005725 0.00044208 0.0010728
-0.004 -0.005 0.001 0.00065331 0.00050116 0.001177
-0.004 -0.005 0 0.00074989 0.00057259 0.0012953
-0.004 -0.005 -0.001 0.00086224 0.00065635 0.0014277
-0.004 -0.005 -0.002 0.00099035 0.00075245 0.001574
-0.004 -0.005 -0.003 0.0011342 0.00086088 0.0017344
-0.004 -0.005 -0.004 0.0012939 0.00098166 0.0019089
-0.004 -0.005 -0.005 0.0014693 0.0011148 0.0020974
-0.003 -0.005 -0.005 0.001507 0.00097255 0.0018735
-0.003 -0.005 -0.004 0.0013315 0.00086142 0.0017147
-0.003 -0.005 -0.003 0.0011714 0.0007604 0.0015672
-0.003 -0.005 -0.002 0.0010269 0.00066949 0.001431
-0.003 -0.005 -0.001 0.00089789 0.00058869 0.0013061
-0.003 -0.005 0 0.0007844 0.00051799 0.0011924
-0.003 -0.005 0.001 0.00068643 0.0004574 0.00109
-0.003 -0.005 0.002 0.00060399 0.00040692 0.0009988
-0.003 -0.005 0.003 0.00053706 0.00036654 0.0009189
-0.003 -0.005 0.004 0.00048566 0.00033627 0.00085026
-0.003 -0.005 0.005 0.00044978 0.00031611 0.00079289
-0.003 -0.004 0.005 0.00042763 0.00034914 0.00075441
-0.003 -0.004 0.004 0.00046125 0.00037366 0.00080877
-0.003 -0.004 0.003 0.00050834 0.00040861 0.00087244
-0.003 -0.004 0.002 0.00056889 0.000454 0.00094544
-0.003 -0.004 0.001 0.00064291 0.00050983 0.0010278
-0.003 -0.004 0 0.00073039 0.0005761 0.0011194
-0.003 -0.004 -0.001 0.00083134 0.00065281 0.0012204
-0.003 -0.004 -0.002 0.00094575 0.00073995 0.0013306
-0.003 -0.004 -0.003 0.0010736 0.00083754 0.0014502
-0.003 -0.004 -0.004 0.001215 0.00094556 0.0015792
-0.003 -0.004 -0.005 0.0013698 0.001064 0.0017174
-0.003 -0.003 -0.005 0.0012404 0.0011377 0.0015653
-0.003 -0.003 -0.004 0.0011049 0.001014 0.0014464
-0.003 -0.003 -0.003 0.00098104 0.00090095 0.001335
-0.003 -0.003 -0.002 0.0008687 0.00079847 0.0012312
-0.003 -0.003 -0.001 0.00076792 0.00070659 0.0011349
-0.003 -0.003 0 0.00067869 0.0006253 0.0010461
-0.003 -0.003 0.001 0.00060101 0.00055462 0.00096484
-0.003 -0.003 0.002 0.00053488 0.00049453 0.00089114
-0.003 -0.003 0.003 0.00048031 0.00044504 0.00082498
-0.003 -0.003 0.004 0.00043728 0.00040615 0.00076635
-0.003 -0.003 0.005 0.00040581 0.00037785 0.00071527
-0.003 -0.002 0.005 0.00038432 0.00040223 0.00067545
-0.003 -0.002 0.004 0.00041376 0.00043373 0.00072302
-0.003 -0.002 0.003 0.00045298 0.00047582 0.0007765
-0.003 -0.002 0.002 0.00050197 0.0005285 0.00083589
-0.003 -0.002 0.001 0.00056075 0.00059175 0.0009012
-0.003 -0.002 0 0.00062931 0.0006656 0.00097242
-0.003 -0.002 -0.001 0.00070764 0.00075002 0.0010496
-0.003 -0.002 -0.002 0.00079575 0.00084503 0.0011326
-0.003 -0.002 -0.003 0.00089365 0.00095063 0.0012216
-0.003 -0.002 -0.004 0.0010013 0.0010668 0.0013164
-0.003 -0.002 -0.005 0.0011188 0.0011936 0.0014172
-0.003 -0.001 -0.005 0.001005 0.0012317 0.0012731
-0.003 -0.001 -0.004 0.00090417 0.0011039 0.0011893
-0.003 -0.001 -0.003 0.00081146 0.00098659 0.0011099
-0.003 -0.001 -0.002 0.0007269 0.00087965 0.001035
-0.003 -0.001 -0.001 0.00065049 0.00078312 0.00096448
-0.003 -0.001 0 0.00058223 0.00069698 0.00089844
-0.003 -0.001 0.001 0.00052212 0.00062124 0.00083685
-0.003 -0.001 0.002 0.00047015 0.0005559 0.00077971
-0.003 -0.001 0.003 0.00042634 0.00050096 0.00072701
-0.003 -0.001 0.004 0.00039067 0.00045642 0.00067877
-0.003 -0.001 0.005 0.00036316 0.00042228 0.00063497
-0.003 0 0.005 0.00034233 0.00043801 0.00059383
-0.003 0 0.004 0.00036803 0.00047421 0.0006336
-0.003 0 0.003 0.0004004 0.00052046 0.00067652
-0.003 0 0.002 0.00043943 0.00057675 0.00072258
-0.003 0 0.001 0.00048512 0.00064308 0.00077178
-0.003 0 0 0.00053747 0.00071945 0.00082413
-0.003 0 -0.001 0.00059648 0.00080587 0.00087962
-0.003 0 -0.002 0.00066215 0.00090232 0.00093825
-0.003 0 -0.003 0.00073448 0.0010088 0.001
-0.003 0 -0.004 0.00081348 0.0011254 0.0010649
-0.003 0 -0.005 0.00089913 0.0012519 0.001133
-0.003 0.001 -0.005 0.00080107 0.0012544 0.00099688
-0.003 0.001 -0.004 0.00072923 0.0011311 0.00094341
-0.003 0.001 -0.003 0.00066271 0.0010173 0.00089193
-0.003 0.001 -0.002 0.0006015 0.00091305 0.00084246
-0.003 0.001 -0.001 0.0005456 0.00081828 0.00079497
-0.003 0.001 0 0.00049502 0.00073302 0.00074949
-0.003 0.001 0.001 0.00044975 0.00065727 0.000706
-0.003 0.001 0.002 0.0004098 0.00059104 0.00066451
-0.003 0.001 0.003 0.00037516 0.00053431 0.00062501
-0.003 0.001 0.004 0.00034584 0.0004871 0.00058751
-0.003 0.001 0.005 0.00032183 0.0004494 0.00055201
-0.003 0.002 0.005 0.00030166 0.00045647 0.00050953
-0.003 0.002 0.004 0.00032408 0.00049509 0.00054051
-0.003 0.002 0.003 0.00035062 0.00054252 0.0005725
-0.003 0.002 0.002 0.00038126 0.00059876 0.0006055
-0.003 0.002 0.001 0.00041602 0.00066381 0.0006395
-0.003 0.002 0 0.00045488 0.00073767 0.00067452
-0.003 0.002 -0.001 0.00049786 0.00082034 0.00071054
-0.003 0.002 -0.002 0.00054494 0.00091182 0.00074757
-0.003 0.002 -0.003 0.00059613 0.0010121 0.00078562
-0.003 0.002 -0.004 0.00065144 0.0011212 0.00082467
-0.003 0.002 -0.005 0.00071085 0.0012391 0.00086473
-0.003 0.003 -0.005 0.00062848 0.001206 0.00073656
-0.003 0.003 -0.004 0.0005801 0.0010956 0.00070873
-0.003 0.003 -0.003 0.00053477 0.00099317 0.00068108
-0.003 0.003 -0.002 0.00049248 0.00089865 0.00065361
-0.003 0.003 -0.001 0.00045325 0.00081207 0.00062632
-0.003 0.003 0 0.00041706 0.00073342 0.00059922
-0.003 0.003 0.001 0.00038391 0.0006627 0.00057229
-0.003 0.003 0.002 0.00035382 0.00059993 0.00054554
-0.003 0.003 0.003 0.00032677 0.00054509 0.00051897
-0.003 0.003 0.004 0.00030277 0.00049818 0.00049258
-0.003 0.003 0.005 0.00028182 0.00045922 0.00046638
-0.003 0.004 0.005 0.0002623 0.00045763 0.00042256
-0.003 0.004 0.004 0.0002819 0.00049638 0.00044374
-0.003 0.004 0.003 0.00030362 0.00054201 0.00046444
-0.003 0.004 0.002 0.00032747 0.00059454 0.00048464
-0.003 0.004 0.001 0.00035344 0.00065395 0.00050436
-0.003 0.004 0 0.00038154 0.00072025 0.00052358
-0.003 0.004 -0.001 0.00041177 0.00079345 0.00054232
-0.003 0.004 -0.002 0.00044412 0.00087353 0.00056057
-0.003 0.004 -0.003 0.0004786 0.00096051 0.00057833
-0.003 0.004 -0.004 0.00051521 0.0010544 0.0005956
-0.003 0.004 -0.005 0.00055394 0.0011551 0.00061238
-0.003 0.005 -0.005 0.00048725 0.0010864 0.00049219
-0.003 0.005 -0.004 0.00045677 0.00099744 0.00048527
-0.003 0.005 -0.003 0.00042764 0.00091412 0.00047736
-0.003 0.005 -0.002 0.00039986 0.00083647 0.00046845
-0.003 0.005 -0.001 0.00037343 0.00076449 0.00045853
-0.003 0.005 0 0.00034834 0.00069818 0.00044762
-0.003 0.005 0.001 0.0003246 0.00063754 0.00043571
-0.003 0.005 0.002 0.00030221 0.00058258 0.0004228
-0.003 0.005 0.003 0.00028117 0.00053329 0.00040889
-0.003 0.005 0.004 0.00026147 0.00048967 0.00039398
-0.003 0.005 0.005 0.00024312 0.00045172 0.00037807
-0.002 0.005 0.005 0.00025953 0.00043609 0.00035797
-0.002 0.005 0.004 0.00027909 0.00047206 0.00037313
-0.002 0.005 0.003 0.00030039 0.00051318 0.0003871
-0.002 0.005 0.002 0.00032346 0.00055945 0.00039989
-0.002 0.005 0.001 0.00034827 0.00061088 0.00041149
-0.002 0.005 0 0.00037484 0.00066745 0.00042191
-0.002 0.005 -0.001 0.00040317 0.00072918 0.00043115
-0.002 0.005 -0.002 0.00043325 0.00079606 0.0004392
-0.002 0.005 -0.003 0.00046509 0.0008681 0.00044607
-0.002 0.005 -0.004 0.00049868 0.00094528 0.00045176
-0.002 0.005 -0.005 0.00053403 0.0010276 0.00045626
-0.002 0.004 -0.005 0.00060458 0.0010845 0.00056696
-0.002 0.004 -0.004 0.00056093 0.00099248 0.00055353
-0.002 0.004 -0.003 0.00051977 0.00090658 0.00053939
-0.002 0.004 -0.002 0.00048111 0.0008268 0.00052452
-0.002 0.004 -0.001 0.00044496 0.00075314 0.00050894
-0.002 0.004 0 0.00041129 0.00068561 0.00049263
-0.002 0.004 0.001 0.00038013 0.00062421 0.00047561
-0.002 0.004 0.002 0.00035146 0.00056893 0.00045788
-0.002 0.004 0.003 0.00032529 0.00051977 0.00043942
-0.002 0.004 0.004 0.00030161 0.00047674 0.00042024
-0.002 0.004 0.005 0.00028044 0.00043984 0.00040035
-0.002 0.003 0.005 0.00030138 0.0004396 0.00044184
-0.002 0.003 0.004 0.00032423 0.00047685 0.00046625
-0.002 0.003 0.003 0.00035044 0.00052105 0.00049052
-0.002 0.003 0.002 0.00038003 0.00057219 0.00051466
-0.002 0.003 0.001 0.00041299 0.00063028 0.00053866
-0.002 0.003 0 0.00044932 0.00069531 0.00056253
-0.002 0.003 -0.001 0.00048902 0.00076729 0.00058626
-0.002 0.003 -0.002 0.00053209 0.00084621 0.00060986
-0.002 0.003 -0.003 0.00057853 0.00093208 0.00063332
-0.002 0.003 -0.004 0.00062834 0.0010249 0.00065664
-0.002 0.003 -0.005 0.00068153 0.0011247 0.00067983
-0.002 0.002 -0.005 0.00076488 0.0011481 0.00079486
-0.002 0.002 -0.004 0.00070094 0.0010425 0.00076108
-0.002 0.002 -0.003 0.00064137 0.00094461 0.00072787
-0.002 0.002 -0.002 0.00058618 0.0008543 0.00069522
-0.002 0.002 -0.001 0.00053537 0.00077161 0.00066313
-0.002 0.002 0 0.00048893 0.00069654 0.0006316
-0.002 0.002 0.001 0.00044686 0.00062908 0.00060064
-0.002 0.002 0.002 0.00040918 0.00056923 0.00057024
-0.002 0.002 0.003 0.00037586 0.000517 0.00054041
-0.002 0.002 0.004 0.00034692 0.00047239 0.00051114
-0.002 0.002 0.005 0.00032236 0.00043539 0.00048243
-0.002 0.001 0.005 0.00034337 0.0004272 0.00052213
-0.002 0.001 0.004 0.0003697 0.00046336 0.00055491
-0.002 0.001 0.003 0.00040154 0.00050764 0.00058908
-0.002 0.001 0.002 0.00043889 0.00056006 0.00062462
-0.002 0.001 0.001 0.00048175 0.00062062 0.00066154
-0.002 0.001 0 0.00053012 0.0006893 0.00069985
-0.002 0.001 -0.001 0.000584 0.00076612 0.00073953
-0.002 0.001 -0.002 0.00064339 0.00085107 0.00078059
-0.002 0.001 -0.003 0.00070829 0.00094416 0.00082303
-0.002 0.001 -0.004 0.0007787 0.0010454 0.00086685
-0.002 0.001 -0.005 0.00085463 0.0011547 0.00091205
-0.002 0 -0.005 0.00095077 0.0011447 0.0010314
-0.002 0 -0.004 0.00086164 0.0010334 0.00097396
-0.002 0 -0.003 0.00077928 0.00093073 0.00091881
-0.002 0 -0.002 0.00070371 0.00083652 0.00086599
-0.002 0 -0.001 0.00063491 0.00075081 0.00081547
-0.002 0 0 0.00057288 0.0006736 0.00076727
-0.002 0 0.001 0.00051764 0.00060489 0.00072137
-0.002 0 0.002 0.00046917 0.00054468 0.0006778
-0.002 0 0.003 0.00042748 0.00049296 0.00063653
-0.002 0 0.004 0.00039256 0.00044975 0.00059758
-0.002 0 0.005 0.00036443 0.00041504 0.00056094
-0.002 -0.001 0.005 0.00038552 0.00039889 0.00059885
-0.002 -0.001 0.004 0.00041551 0.00043157 0.00063913
-0.002 -0.001 0.003 0.00045368 0.00047297 0.00068277
-0.002 -0.001 0.002 0.00050002 0.00052308 0.00072977
-0.002 -0.001 0.001 0.00055453 0.0005819 0.00078013
-0.002 -0.001 0 0.00061723 0.00064944 0.00083386
-0.002 -0.001 -0.001 0.0006881 0.00072569 0.00089095
-0.002 -0.001 -0.002 0.00076714 0.00081065 0.0009514
-0.002 -0.001 -0.003 0.00085436 0.00090433 0.0010152
-0.002 -0.001 -0.004 0.00094975 0.0010067 0.0010824
-0.002 -0.001 -0.005 0.0010533 0.0011178 0.0011529
-0.002 -0.002 -0.005 0.0011623 0.0010743 0.0012766
-0.002 -0.002 -0.004 0.001043 0.00096522 0.0011922
-0.002 -0.002 -0.003 0.00093351 0.00086495 0.0011122
-0.002 -0.002 -0.002 0.00083369 0.00077346 0.0010368
-0.002 -0.002 -0.001 0.00074357 0.00069074 0.00096596
-0.002 -0.002 0 0.00066315 0.00061681 0.00089962
-0.002 -0.002 0.001 0.00059244 0.00055164 0.00083781
-0.002 -0.002 0.002 0.00053144 0.00049526 0.00078053
-0.002 -0.002 0.003 0.00048014 0.00044765 0.00072778
-0.002 -0.002 0.004 0.00043854 0.00040882 0.00067956
-0.002 -0.002 0.005 0.00040665 0.00037877 0.00063587
-0.002 -0.003 0.005 0.00042781 0.00035467 0.000672
-0.002 -0.003 0.004 0.00046165 0.0003815 0.00071889
-0.002 -0.003 0.003 0.00050686 0.00041702 0.00077158
-0.002 -0.003 0.002 0.00056343 0.00046123 0.0008301
-0.002 -0.003 0.001 0.00063136 0.00051413 0.00089442
-0.002 -0.003 0 0.00071066 0.00057571 0.00096456
-0.002 -0.003 -0.001 0.00080132 0.00064598 0.0010405
-0.002 -0.003 -0.002 0.00090335 0.00072495 0.0011223
-0.002 -0.003 -0.003 0.0010167 0.0008126 0.0012099
-0.002 -0.003 -0.004 0.0011415 0.00090894 0.0013033
-0.002 -0.003 -0.005 0.0012776 0.001014 0.0014025
-0.002 -0.004 -0.005 0.0013994 0.00093691 0.0015305
-0.002 -0.004 -0.004 0.0012451 0.00083787 0.0014157
-0.002 -0.004 -0.003 0.001104 0.00074726 0.0013081
-0.002 -0.004 -0.002 0.00097612 0.00066511 0.0012077
-0.002 -0.004 -0.001 0.00086135 0.00059141 0.0011146
-0.002 -0.004 0 0.00075974 0.00052615 0.0010287
-0.002 -0.004 0.001 0.00067128 0.00046934 0.00094996
-0.002 -0.004 0.002 0.00059598 0.00042098 0.00087846
-0.002 -0.004 0.003 0.00053384 0.00038107 0.00081417
-0.002 -0.004 0.004 0.00048485 0.00034961 0.00075709
-0.002 -0.004 0.005 0.00044902 0.00032659 0.00070724
-0.002 -0.005 0.005 0.00047026 0.00029454 0.00074158
-0.002 -0.005 0.004 0.00050813 0.00031314 0.00079419
-0.002 -0.005 0.003 0.00056108 0.0003398 0.00085554
-0.002 -0.005 0.002 0.00062911 0.00037452 0.00092561
-0.002 -0.005 0.001 0.00071222 0.0004173 0.0010044
-0.002 -0.005 0 0.0008104 0.00046813 0.001092
-0.002 -0.005 -0.001 0.00092367 0.00052701 0.0011882
-0.002 -0.005 -0.002 0.001052 0.00059396 0.0012932
-0.002 -0.005 -0.003 0.0011954 0.00066896 0.001407
-0.002 -0.005 -0.004 0.0013539 0.00075201 0.0015294
-0.002 -0.005 -0.005 0.0015275 0.00084312 0.0016606
-0.001 -0.005 -0.005 0.0015307 0.00072649 0.0014589
-0.001 -0.005 -0.004 0.0013612 0.00065342 0.001353
-0.001 -0.005 -0.003 0.0012062 0.00058654 0.0012536
-0.001 -0.005 -0.002 0.0010657 0.00052584 0.0011606
-0.001 -0.005 -0.001 0.00093958 0.00047133 0.0010741
-0.001 -0.005 0 0.0008279 0.000423 0.00099405
-0.001 -0.005 0.001 0.00073066 0.00038085 0.00092042
-0.001 -0.005 0.002 0.00064786 0.00034489 0.00085325
-0.001 -0.005 0.003 0.0005795 0.00031512 0.00079252
-0.001 -0.005 0.004 0.00052558 0.00029153 0.00073824
-0.001 -0.005 0.005 0.0004861 0.00027413 0.00069041
-0.001 -0.004 0.005 0.00046583 0.00030523 0.00065995
-0.001 -0.004 0.004 0.00050346 0.00032691 0.00070527
-0.001 -0.004 0.003 0.00055376 0.00035524 0.0007559
-0.001 -0.004 0.002 0.00061672 0.00039021 0.00081185
-0.001 -0.004 0.001 0.00069236 0.00043182 0.0008731
-0.001 -0.004 0 0.00078067 0.00048008 0.00093967
-0.001 -0.004 -0.001 0.00088164 0.00053498 0.0010116
-0.001 -0.004 -0.002 0.00099528 0.00059652 0.0010888
-0.001 -0.004 -0.003 0.0011216 0.0006647 0.0011713
-0.001 -0.004 -0.004 0.0012606 0.00073953 0.0012591
-0.001 -0.004 -0.005 0.0014122 0.000821 0.0013522
-0.001 -0.003 -0.005 0.0012988 0.00089988 0.0012461
-0.001 -0.003 -0.004 0.0011639 0.00081182 0.0011652
-0.001 -0.003 -0.003 0.00104 0.00073072 0.0010885
-0.001 -0.003 -0.002 0.00092708 0.00065658 0.0010161
-0.001 -0.003 -0.001 0.00082521 0.00058941 0.00094797
-0.001 -0.003 0 0.00073435 0.0005292 0.00088407
-0.001 -0.003 0.001 0.00065452 0.00047596 0.00082443
-0.001 -0.003 0.002 0.0005857 0.00042969 0.00076904
-0.001 -0.003 0.003 0.0005279 0.00039038 0.00071792
-0.001 -0.003 0.004 0.00048111 0.00035803 0.00067104
-0.001 -0.003 0.005 0.00044535 0.00033265 0.00062843
-0.001 -0.002 0.005 0.00042465 0.00035639 0.00059584
-0.001 -0.002 0.004 0.00045855 0.00038488 0.00063556
-0.001 -0.002 0.003 0.00050192 0.00042053 0.00067856
-0.001 -0.002 0.002 0.00055479 0.00046333 0.00072484
-0.001 -0.002 0.001 0.00061713 0.00051328 0.0007744
-0.001 -0.002 0 0.00068897 0.00057038 0.00082724
-0.001 -0.002 -0.001 0.00077028 0.00063463 0.00088335
-0.001 -0.002 -0.002 0.00086108 0.00070603 0.00094275
-0.001 -0.002 -0.003 0.00096136 0.00078458 0.0010054
-0.001 -0.002 -0.004 0.0010711 0.00087028 0.0010714
-0.001 -0.002 -0.005 0.0011904 0.00096313 0.0011406
-0.001 -0.001 -0.005 0.001087 0.0010107 0.0010357
-0.001 -0.001 -0.004 0.00098234 0.00091491 0.00097765
-0.001 -0.001 -0.003 0.00088578 0.00082628 0.00092195
-0.001 -0.001 -0.002 0.00079728 0.00074485 0.00086865
-0.001 -0.001 -0.001 0.00071686 0.00067062 0.00081772
-0.001 -0.001 0 0.0006445 0.0006036 0.00076917
-0.001 -0.001 0.001 0.00058021 0.00054377 0.00072301
-0.001 -0.001 0.002 0.00052399 0.00049113 0.00067923
-0.001 -0.001 0.003 0.00047584 0.0004457 0.00063783
-0.001 -0.001 0.004 0.00043575 0.00040747 0.00059881
-0.001 -0.001 0.005 0.00040374 0.00037644 0.00056218
-0.001 0 0.005 0.00038261 0.00039281 0.00052745
-0.001 0 0.004 0.00041274 0.0004258 0.00056081
-0.001 0 0.003 0.00044963 0.00046589 0.00059573
-0.001 0 0.002 0.0004933 0.0005131 0.00063222
-0.001 0 0.001 0.00054374 0.00056742 0.00067027
-0.001 0 0 0.00060095 0.00062886 0.00070988
-0.001 0 -0.001 0.00066494 0.00069741 0.00075106
-0.001 0 -0.002 0.00073569 0.00077306 0.0007938
-0.001 0 -0.003 0.00081322 0.00085584 0.00083811
-0.001 0 -0.004 0.00089751 0.00094572 0.00088398
-0.001 0 -0.005 0.00098858 0.0010427 0.00093141
-0.001 0.001 -0.005 0.00089521 0.0010591 0.00082769
-0.001 0.001 -0.004 0.00081665 0.0009627 0.00079037
-0.001 0.001 -0.003 0.00074368 0.00087324 0.00075389
-0.001 0.001 -0.002 0.0006763 0.00079066 0.00071822
-0.001 0.001 -0.001 0.00061452 0.00071497 0.00068338
-0.001 0.001 0 0.00055833 0.00064617 0.00064936
-0.001 0.001 0.001 0.00050773 0.00058426 0.00061617
-0.001 0.001 0.002 0.00046273 0.00052923 0.00058381
-0.001 0.001 0.003 0.00042332 0.0004811 0.00055227
-0.001 0.001 0.004 0.0003895 0.00043985 0.00052155
-0.001 0.001 0.005 0.00036127 0.0004055 0.00049166
-0.001 0.002 0.005 0.00033971 0.0004145 0.0004548
-0.001 0.002 0.004 0.00036603 0.00044965 0.00048103
-0.001 0.002 0.003 0.00039688 0.00049132 0.00050743
-0.001 0.002 0.002 0.00043227 0.00053953 0.00053399
-0.001 0.002 0.001 0.00047218 0.00059426 0.00056072
-0.001 0.002 0 0.00051663 0.00065552 0.00058762
-0.001 0.002 -0.001 0.00056561 0.00072332 0.00061468
-0.001 0.002 -0.002 0.00061912 0.00079764 0.0006419
-0.001 0.002 -0.003 0.00067717 0.00087849 0.00066929
-0.001 0.002 -0.004 0.00073974 0.00096586 0.00069684
-0.001 0.002 -0.005 0.00080685 0.0010598 0.00072456
-0.001 0.003 -0.005 0.0007235 0.0010448 0.00062203
-0.001 0.003 -0.004 0.0006668 0.0009552 0.00060338
-0.001 0.003 -0.003 0.00061368 0.00087158 0.00058432
-0.001 0.003 -0.002 0.00056415 0.000794 0.00056484
-0.001 0.003 -0.001 0.0005182 0.00072245 0.00054495
-0.001 0.003 0 0.00047585 0.00065693 0.00052464
-0.001 0.003 0.001 0.00043709 0.00059744 0.00050392
-0.001 0.003 0.002 0.00040192 0.00054399 0.00048278
-0.001 0.003 0.003 0.00037034 0.00049657 0.00046122
-0.001 0.003 0.004 0.00034234 0.00045518 0.00043925
-0.001 0.003 0.005 0.00031794 0.00041982 0.00041687
-0.001 0.004 0.005 0.00029595 0.00042146 0.00037787
-0.001 0.004 0.004 0.00031843 0.00045644 0.00039622
-0.001 0.004 0.003 0.00034368 0.00049683 0.00041365
-0.001 0.004 0.002 0.00037169 0.00054261 0.00043016
-0.001 0.004 0.001 0.00040246 0.00059379 0.00044576
-0.001 0.004 0 0.000436 0.00065037 0.00046044
-0.001 0.004 -0.001 0.0004723 0.00071236 0.0004742
-0.001 0.004 -0.002 0.00051137 0.00077974 0.00048705
-0.001 0.004 -0.003 0.00055321 0.00085252 0.00049898
-0.001 0.004 -0.004 0.00059781 0.00093071 0.00050999
-0.001 0.004 -0.005 0.00064518 0.0010143 0.00052009
-0.001 0.005 -0.005 0.00057186 0.0009681 0.00041874
-0.001 0.005 -0.004 0.00053278 0.00089239 0.00041667
-0.001 0.005 -0.003 0.00049577 0.00082131 0.00041326
-0.001 0.005 -0.002 0.00046081 0.00075487 0.00040852
-0.001 0.005 -0.001 0.00042791 0.00069305 0.00040243
-0.001 0.005 0 0.00039707 0.00063587 0.00039501
-0.001 0.005 0.001 0.00036828 0.00058331 0.00038624
-0.001 0.005 0.002 0.00034156 0.00053539 0.00037614
-0.001 0.005 0.003 0.0003169 0.0004921 0.0003647
-0.001 0.005 0.004 0.0002943 0.00045344 0.00035192
-0.001 0.005 0.005 0.00027375 0.00041941 0.0003378
0 0.005 0.005 0.00028577 0.00040168 0.00031757
0 0.005 0.004 0.0003071 0.00043381 0.00033036
0 0.005 0.003 0.00033069 0.00047005 0.00034169
0 0.005 0.002 0.00035653 0.0005104 0.00035156
0 0.005 0.001 0.00038464 0.00055485 0.00035997
0 0.005 0 0.00041501 0.00060342 0.00036691
0 0.005 -0.001 0.00044764 0.00065609 0.00037238
0 0.005 -0.002 0.00048253 0.00071288 0.00037639
0 0.005 -0.003 0.00051967 0.00077377 0.00037894
0 0.005 -0.004 0.00055908 0.00083877 0.00038002
0 0.005 -0.005 0.00060075 0.00090788 0.00037964
0 0.004 -0.005 0.00067574 0.00094447 0.00047176
0 0.004 -0.004 0.00062586 0.00086905 0.00046498
0 0.004 -0.003 0.00057891 0.00079835 0.00045711
0 0.004 -0.002 0.0005349 0.00073236 0.00044816
0 0.004 -0.001 0.00049381 0.00067109 0.00043812
0 0.004 0 0.00045566 0.00061453 0.000427
0 0.004 0.001 0.00042044 0.0005627 0.00041479
0 0.004 0.002 0.00038815 0.00051557 0.00040149
0 0.004 0.003 0.00035878 0.00047317 0.00038712
0 0.004 0.004 0.00033235 0.00043548 0.00037166
0 0.004 0.005 0.00030885 0.0004025 0.00035511
0 0.003 0.005 0.0003315 0.00039987 0.00039146
0 0.003 0.004 0.00035712 0.00043316 0.0004116
0 0.003 0.003 0.00038645 0.00047164 0.00043107
0 0.003 0.002 0.00041948 0.00051532 0.00044989
0 0.003 0.001 0.00045622 0.0005642 0.00046805
0 0.003 0 0.00049665 0.00061827 0.00048555
0 0.003 -0.001 0.0005408 0.00067754 0.00050239
0 0.003 -0.002 0.00058864 0.00074201 0.00051857
0 0.003 -0.003 0.00064019 0.00081167 0.00053409
0 0.003 -0.004 0.00069545 0.00088653 0.00054896
0 0.003 -0.005 0.00075441 0.00096659 0.00056316
0 0.002 -0.005 0.00083677 0.00097424 0.00065383
0 0.002 -0.004 0.00076785 0.00089122 0.00063195
0 0.002 -0.003 0.00070352 0.00081375 0.00060989
0 0.002 -0.002 0.00064376 0.00074182 0.00058763
0 0.002 -0.001 0.00058858 0.00067545 0.00056519
0 0.002 0 0.00053799 0.00061464 0.00054256
0 0.002 0.001 0.00049198 0.00055937 0.00051975
0 0.002 0.002 0.00045054 0.00050965 0.00049675
0 0.002 0.003 0.00041369 0.00046548 0.00047356
0 0.002 0.004 0.00038142 0.00042687 0.00045018
0 0.002 0.005 0.00035372 0.0003938 0.00042662
0 0.001 0.005 0.00037552 0.00038429 0.00046059
0 0.001 0.004 0.00040523 0.0004166 0.00048742
0 0.001 0.003 0.0004405 0.00045469 0.00051458
0 0.001 0.002 0.00048133 0.00049855 0.00054207
0 0.001 0.001 0.00052772 0.0005482 0.00056989
0 0.001 0 0.00057967 0.00060362 0.00059804
0 0.001 -0.001 0.00063718 0.00066482 0.00062653
0 0.001 -0.002 0.00070025 0.0007318 0.00065534
0 0.001 -0.003 0.00076888 0.00080456 0.00068449
0 0.001 -0.004 0.00084307 0.0008831 0.00071397
0 0.001 -0.005 0.00092282 0.00096742 0.00074378
0 0 -0.005 0.0010126 0.00094613 0.000833
0 0 -0.004 0.00092109 0.00086219 0.00079501
0 0 -0.003 0.00083628 0.00078413 0.00075791
0 0 -0.002 0.0007581 0.00071195 0.0007217
0 0 -0.001 0.00068657 0.00064565 0.0006864
0 0 0 0.00062168 0.00058523 0.00065199
0 0 0.001 0.00056344 0.00053069 0.00061847
0 0 0.002 0.00051184 0.00048203 0.00058585
0 0 0.003 0.00046688 0.00043925 0.00055413
0 0 0.004 0.00042856 0.00040235 0.0005233
0 0 0.005 0.00039688 0.00037133 0.00049337
0 -0.001 0.005 0.00041782 0.00035493 0.00052496
0 -0.001 0.004 0.00045141 0.00038413 0.00055783
0 -0.001 0.003 0.00049282 0.00041917 0.00059221
0 -0.001 0.002 0.00054207 0.00046008 0.0006281
0 -0.001 0.001 0.00059914 0.00050684 0.00066549
0 -0.001 0 0.00066404 0.00055946 0.00070439
0 -0.001 -0.001 0.00073677 0.00061793 0.0007448
0 -0.001 -0.002 0.00081733 0.00068226 0.00078671
0 -0.001 -0.003 0.00090572 0.00075244 0.00083014
0 -0.001 -0.004 0.0010019 0.00082848 0.00087507
0 -0.001 -0.005 0.001106 0.00091038 0.0009215
0 -0.002 -0.005 0.0012031 0.00086015 0.0010093
0 -0.002 -0.004 0.0010856 0.00078197 0.00095414
0 -0.002 -0.003 0.0009772 0.0007095 0.00090118
0 -0.002 -0.002 0.00087793 0.00064273 0.00085037
0 -0.002 -0.001 0.00078778 0.00058167 0.00080174
0 -0.002 0 0.00070674 0.00052631 0.00075526
0 -0.002 0.001 0.00063483 0.00047665 0.00071095
0 -0.002 0.002 0.00057203 0.00043271 0.0006688
0 -0.002 0.003 0.00051834 0.00039446 0.00062882
0 -0.002 0.004 0.00047378 0.00036192 0.00059101
0 -0.002 0.005 0.00043833 0.00033509 0.00055535
0 -0.003 0.005 0.00045841 0.0003118 0.00058456
0 -0.003 0.004 0.00049567 0.00033574 0.00062283
0 -0.003 0.003 0.00054343 0.00036511 0.00066397
0 -0.003 0.002 0.00060171 0.00039991 0.00070798
0 -0.003 0.001 0.00067049 0.00044013 0.00075485
0 -0.003 0 0.00074979 0.00048578 0.00080459
0 -0.003 -0.001 0.00083959 0.00053686 0.0008572
0 -0.003 -0.002 0.0009399 0.00059337 0.00091268
0 -0.003 -0.003 0.0010507 0.0006553 0.00097103
0 -0.003 -0.004 0.001172 0.00072267 0.0010322
0 -0.003 -0.005 0.0013039 0.00079545 0.0010963
0 -0.004 -0.005 0.0014084 0.00071629 0.0011826
0 -0.004 -0.004 0.0012613 0.00065056 0.0011094
0 -0.004 -0.003 0.0011263 0.00058986 0.0010397
0 -0.004 -0.002 0.0010032 0.00053417 0.00097364
0 -0.004 -0.001 0.0008922 0.00048352 0.00091121
0 -0.004 0 0.00079317 0.00043788 0.00085239
0 -0.004 0.001 0.00070614 0.00039727 0.00079719
0 -0.004 0.002 0.00063112 0.00036168 0.00074561
0 -0.004 0.003 0.00056809 0.00033112 0.00069765
0 -0.004 0.004 0.00051707 0.00030558 0.0006533
0 -0.004 0.005 0.00047806 0.00028507 0.00061257
0 -0.005 0.005 0.00049728 0.00025489 0.00063939
0 -0.005 0.004 0.000538 0.00027144 0.00068242
0 -0.005 0.003 0.00059232 0.00029249 0.00072986
0 -0.005 0.002 0.00066025 0.00031804 0.00078171
0 -0.005 0.001 0.00074177 0.00034807 0.00083797
0 -0.005 0 0.0008369 0.0003826 0.00089865
0 -0.005 -0.001 0.00094562 0.00042163 0.00096374
0 -0.005 -0.002 0.001068 0.00046514 0.0010332
0 -0.005 -0.003 0.0012039 0.00051315 0.0011072
0 -0.005 -0.004 0.0013534 0.00056566 0.0011855
0 -0.005 -0.005 0.0015165 0.00062266 0.0012682
0.001 -0.005 -0.005 0.0014851 0.00053162 0.0010887
0.001 -0.005 -0.004 0.0013304 0.00048872 0.0010268
0.001 -0.005 -0.003 0.0011883 0.0004488 0.00096763
0.001 -0.005 -0.002 0.0010588 0.00041186 0.00091105
0.001 -0.005 -0.001 0.0009418 0.00037791 0.0008571
0.001 -0.005 0 0.00083739 0.00034694 0.00080577
0.001 -0.005 0.001 0.00074554 0.00031895 0.00075707
0.001 -0.005 0.002 0.00066626 0.00029394 0.00071099
0.001 -0.005 0.003 0.00059955 0.00027192 0.00066754
0.001 -0.005 0.004 0.0005454 0.00025288 0.00062672
0.001 -0.005 0.005 0.00050382 0.00023681 0.00058852
0.001 -0.004 0.005 0.00048571 0.00026609 0.00056508
0.001 -0.004 0.004 0.0005257 0.00028561 0.00060118
0.001 -0.004 0.003 0.00057685 0.00030871 0.0006394
0.001 -0.004 0.002 0.00063915 0.0003354 0.00067975
0.001 -0.004 0.001 0.00071262 0.00036569 0.00072223
0.001 -0.004 0 0.00079725 0.00039956 0.00076683
0.001 -0.004 -0.001 0.00089304 0.00043702 0.00081356
0.001 -0.004 -0.002 0.00099999 0.00047808 0.00086242
0.001 -0.004 -0.003 0.0011181 0.00052272 0.00091341
0.001 -0.004 -0.004 0.0012474 0.00057095 0.00096652
0.001 -0.004 -0.005 0.0013878 0.00062277 0.0010218
0.001 -0.003 -0.005 0.0012929 0.00070068 0.00095306
0.001 -0.003 -0.004 0.001166 0.00064148 0.00090438
0.001 -0.003 -0.003 0.001049 0.00058636 0.00085735
0.001 -0.003 -0.002 0.00094181 0.00053531 0.00081197
0.001 -0.003 -0.001 0.00084446 0.00048834 0.00076823
0.001 -0.003 0 0.00075695 0.00044545 0.00072614
0.001 -0.003 0.001 0.00067928 0.00040663 0.0006857
0.001 -0.003 0.002 0.00061145 0.00037189 0.0006469
0.001 -0.003 0.003 0.00055346 0.00034122 0.00060975
0.001 -0.003 0.004 0.00050531 0.00031462 0.00057424
0.001 -0.003 0.005 0.000467 0.00029211 0.00054038
0.001 -0.002 0.005 0.00044768 0.00031486 0.00051441
0.001 -0.002 0.004 0.00048423 0.00033993 0.0005459
0.001 -0.002 0.003 0.00052939 0.00036944 0.00057858
0.001 -0.002 0.002 0.00058315 0.00040339 0.00061244
0.001 -0.002 0.001 0.00064552 0.00044177 0.00064748
0.001 -0.002 0 0.00071649 0.0004846 0.0006837
0.001 -0.002 -0.001 0.00079606 0.00053187 0.00072111
0.001 -0.002 -0.002 0.00088424 0.00058358 0.0007597
0.001 -0.002 -0.003 0.00098102 0.00063972 0.00079947
0.001 -0.002 -0.004 0.0010864 0.00070031 0.00084042
0.001 -0.002 -0.005 0.0012004 0.00076533 0.00088256
0.001 -0.001 -0.005 0.0011103 0.00081674 0.00081027
0.001 -0.001 -0.004 0.0010085 0.00074743 0.00077465
0.001 -0.001 -0.003 0.00091418 0.00068281 0.00073976
0.001 -0.001 -0.002 0.00082729 0.00062286 0.0007056
0.001 -0.001 -0.001 0.00074785 0.0005676 0.00067219
0.001 -0.001 0 0.00067586 0.00051702 0.00063951
0.001 -0.001 0.001 0.00061133 0.00047112 0.00060757
0.001 -0.001 0.002 0.00055426 0.00042991 0.00057637
0.001 -0.001 0.003 0.00050464 0.00039338 0.0005459
0.001 -0.001 0.004 0.00046247 0.00036153 0.00051617
0.001 -0.001 0.005 0.00042776 0.00033436 0.00048718
0.001 0 0.005 0.00040724 0.0003506 0.00045869
0.001 0 0.004 0.00044002 0.00037941 0.00048504
0.001 0 0.003 0.0004792 0.00041303 0.00051171
0.001 0 0.002 0.00052477 0.00045145 0.00053869
0.001 0 0.001 0.00057672 0.00049468 0.00056597
0.001 0 0 0.00063507 0.0005427 0.00059357
0.001 0 -0.001 0.00069981 0.00059554 0.00062148
0.001 0 -0.002 0.00077094 0.00065317 0.00064969
0.001 0 -0.003 0.00084847 0.00071561 0.00067822
0.001 0 -0.004 0.00093238 0.00078286 0.00070705
0.001 0 -0.005 0.0010227 0.0008549 0.0007362
0.001 0.001 -0.005 0.00093745 0.00087981 0.00066033
0.001 0.001 -0.004 0.00085796 0.00080658 0.00063764
0.001 0.001 -0.003 0.00078388 0.00073814 0.00061485
0.001 0.001 -0.002 0.00071521 0.00067451 0.00059196
0.001 0.001 -0.001 0.00065196 0.00061568 0.00056897
0.001 0.001 0 0.00059412 0.00056165 0.00054588
0.001 0.001 0.001 0.00054169 0.00051243 0.00052269
0.001 0.001 0.002 0.00049468 0.00046801 0.0004994
0.001 0.001 0.003 0.00045308 0.0004284 0.00047601
0.001 0.001 0.004 0.00041689 0.00039359 0.00045252
0.001 0.001 0.005 0.00038612 0.00036358 0.00042893
0.001 0.002 0.005 0.00036439 0.0003733 0.00039791
0.001 0.002 0.004 0.00039307 0.00040405 0.0004186
0.001 0.002 0.003 0.00042627 0.00043948 0.00043879
0.001 0.002 0.002 0.000464 0.0004796 0.0004585
0.001 0.002 0.001 0.00050624 0.00052439 0.00047772
0.001 0.002 0 0.000553 0.00057387 0.00049644
0.001 0.002 -0.001 0.00060429 0.00062803 0.00051467
0.001 0.002 -0.002 0.00066009 0.00068687 0.00053241
0.001 0.002 -0.003 0.00072042 0.00075039 0.00054965
0.001 0.002 -0.004 0.00078527 0.00081859 0.00056641
0.001 0.002 -0.005 0.00085464 0.00089148 0.00058267
0.001 0.003 -0.005 0.00077424 0.00088989 0.00050322
0.001 0.003 -0.004 0.00071431 0.00081891 0.00049336
0.001 0.003 -0.003 0.00065809 0.00075236 0.00048263
0.001 0.003 -0.002 0.00060559 0.00069025 0.00047104
0.001 0.003 -0.001 0.0005568 0.00063258 0.00045858
0.001 0.003 0 0.00051172 0.00057935 0.00044525
0.001 0.003 0.001 0.00047036 0.00053056 0.00043105
0.001 0.003 0.002 0.00043272 0.0004862 0.00041599
0.001 0.003 0.003 0.00039878 0.00044628 0.00040007
0.001 0.003 0.004 0.00036857 0.0004108 0.00038328
0.001 0.003 0.005 0.00034206 0.00037976 0.00036562
0.001 0.004 0.005 0.00031913 0.00038296 0.00033207
0.001 0.004 0.004 0.00034338 0.00041384 0.00034656
0.001 0.004 0.003 0.00037061 0.0004488 0.00035983
0.001 0.004 0.002 0.00040084 0.00048782 0.00037188
0.001 0.004 0.001 0.00043406 0.00053092 0.0003827
0.001 0.004 0 0.00047028 0.0005781 0.00039231
0.001 0.004 -0.001 0.00050949 0.00062934 0.00040069
0.001 0.004 -0.002 0.00055169 0.00068466 0.00040784
0.001 0.004 -0.003 0.00059689 0.00074405 0.00041378
0.001 0.004 -0.004 0.00064508 0.00080752 0.00041849
0.001 0.004 -0.005 0.00069626 0.00087506 0.00042198
0.001 0.005 -0.005 0.0006207 0.00084697 0.00033895
0.001 0.005 -0.004 0.00057758 0.00078443 0.00034181
0.001 0.005 -0.003 0.00053682 0.00072547 0.0003431
0.001 0.005 -0.002 0.00049841 0.00067009 0.00034283
0.001 0.005 -0.001 0.00046236 0.00061831 0.000341
0.001 0.005 0 0.00042867 0.00057011 0.00033761
0.001 0.005 0.001 0.00039734 0.00052549 0.00033266
0.001 0.005 0.002 0.00036837 0.00048447 0.00032615
0.001 0.005 0.003 0.00034176 0.00044703 0.00031808
0.001 0.005 0.004 0.0003175 0.00041317 0.00030845
0.001 0.005 0.005 0.0002956 0.00038291 0.00029726
0.002 0.005 0.005 0.00030324 0.00036308 0.00027688
0.002 0.005 0.004 0.00032549 0.00039152 0.00028618
0.002 0.005 0.003 0.00035011 0.00042303 0.00029386
0.002 0.005 0.002 0.00037707 0.0004576 0.00029991
0.002 0.005 0.001 0.00040639 0.00049524 0.00030433
0.002 0.005 0 0.00043806 0.00053594 0.00030713
0.002 0.005 -0.001 0.00047208 0.0005797 0.00030829
0.002 0.005 -0.002 0.00050846 0.00062652 0.00030783
0.002 0.005 -0.003 0.00054719 0.00067641 0.00030574
0.002 0.005 -0.004 0.00058827 0.00072936 0.00030202
0.002 0.005 -0.005 0.00063171 0.00078537 0.00029668
0.002 0.004 -0.005 0.00070675 0.00080604 0.00037075
0.002 0.004 -0.004 0.00065547 0.00074611 0.00037053
0.002 0.004 -0.003 0.00060713 0.00068964 0.00036899
0.002 0.004 -0.002 0.00056175 0.00063664 0.00036611
0.002 0.004 -0.001 0.00051933 0.00058711 0.00036191
0.002 0.004 0 0.00047985 0.00054106 0.00035637
0.002 0.004 0.001 0.00044334 0.00049847 0.00034951
0.002 0.004 0.002 0.00040977 0.00045936 0.00034131
0.002 0.004 0.003 0.00037916 0.00042372 0.00033179
0.002 0.004 0.004 0.0003515 0.00039154 0.00032094
0.002 0.004 0.005 0.0003268 0.00036284 0.00030875
0.002 0.003 0.005 0.00034962 0.00035948 0.00033934
0.002 0.003 0.004 0.00037667 0.0003881 0.0003543
0.002 0.003 0.003 0.00040734 0.00042048 0.00036821
0.002 0.003 0.002 0.00044163 0.00045661 0.00038109
0.002 0.003 0.001 0.00047953 0.00049651 0.00039294
0.002 0.003 0 0.00052106 0.00054015 0.00040374
0.002 0.003 -0.001 0.00056621 0.00058756 0.00041351
0.002 0.003 -0.002 0.00061498 0.00063872 0.00042224
0.002 0.003 -0.003 0.00066736 0.00069364 0.00042994
0.002 0.003 -0.004 0.00072337 0.00075232 0.00043659
0.002 0.003 -0.005 0.000783 0.00081475 0.00044221
0.002 0.002 -0.005 0.00086045 0.00081148 0.00051108
0.002 0.002 -0.004 0.00079199 0.00074799 0.00050021
0.002 0.002 -0.003 0.00072788 0.00068842 0.0004886
0.002 0.002 -0.002 0.00066813 0.00063277 0.00047623
0.002 0.002 -0.001 0.00061272 0.00058103 0.00046311
0.002 0.002 0 0.00056167 0.00053323 0.00044925
0.002 0.002 0.001 0.00051497 0.00048934 0.00043463
0.002 0.002 0.002 0.00047263 0.00044937 0.00041926
0.002 0.002 0.003 0.00043464 0.00041332 0.00040314
0.002 0.002 0.004 0.000401 0.00038119 0.00038627
0.002 0.002 0.005 0.00037171 0.00035299 0.00036865
0.002 0.001 0.005 0.00039307 0.00034337 0.00039667
0.002 0.001 0.004 0.00042449 0.00037082 0.00041685
0.002 0.001 0.003 0.00046106 0.00040224 0.00043656
0.002 0.001 0.002 0.00050279 0.00043762 0.0004558
0.002 0.001 0.001 0.00054966 0.00047696 0.00047458
0.002 0.001 0 0.00060169 0.00052027 0.00049288
0.002 0.001 -0.001 0.00065887 0.00056754 0.00051071
0.002 0.001 -0.002 0.0007212 0.00061877 0.00052807
0.002 0.001 -0.003 0.00078869 0.00067397 0.00054496
0.002 0.001 -0.004 0.00086132 0.00073312 0.00056138
0.002 0.001 -0.005 0.00093911 0.00079624 0.00057734
0.002 0 -0.005 0.001019 0.00076903 0.00064099
0.002 0 -0.004 0.00093137 0.00070772 0.00062011
0.002 0 -0.003 0.00084978 0.00065029 0.00059904
0.002 0 -0.002 0.00077421 0.00059674 0.00057777
0.002 0 -0.001 0.00070466 0.00054707 0.0005563
0.002 0 0 0.00064112 0.00050129 0.00053464
0.002 0 0.001 0.0005836 0.00045939 0.00051278
0.002 0 0.002 0.00053209 0.00042137 0.00049073
0.002 0 0.003 0.00048661 0.00038724 0.00046849
0.002 0 0.004 0.00044714 0.00035698 0.00044604
0.002 0 0.005 0.00041368 0.00033061 0.00042341
0.002 -0.001 0.005 0.00043356 0.00031473 0.00044886
0.002 -0.001 0.004 0.00046895 0.00033968 0.00047384
0.002 -0.001 0.003 0.00051128 0.00036831 0.00049891
0.002 -0.001 0.002 0.00056055 0.00040062 0.00052404
0.002 -0.001 0.001 0.00061678 0.00043662 0.00054925
0.002 -0.001 0 0.00067996 0.00047629 0.00057453
0.002 -0.001 -0.001 0.00075008 0.00051964 0.00059989
0.002 -0.001 -0.002 0.00082715 0.00056667 0.00062532
0.002 -0.001 -0.003 0.00091117 0.00061738 0.00065082
0.002 -0.001 -0.004 0.0010021 0.00067177 0.00067639
0.002 -0.001 -0.005 0.0011 0.00072984 0.00070204
0.002 -0.002 -0.005 0.0011823 0.00067868 0.00076048
0.002 -0.002 -0.004 0.0010736 0.00062529 0.00073023
0.002 -0.002 -0.003 0.00097284 0.00057525 0.0007003
0.002 -0.002 -0.002 0.00088001 0.00052856 0.00067072
0.002 -0.002 -0.001 0.00079513 0.00048523 0.00064147
0.002 -0.002 0 0.0007182 0.00044526 0.00061255
0.002 -0.002 0.001 0.00064921 0.00040864 0.00058398
0.002 -0.002 0.002 0.00058817 0.00037537 0.00055573
0.002 -0.002 0.003 0.00053507 0.00034547 0.00052783
0.002 -0.002 0.004 0.00048991 0.00031892 0.00050025
0.002 -0.002 0.005 0.00045271 0.00029572 0.00047302
0.002 -0.003 0.005 0.00047111 0.00027358 0.0004959
0.002 -0.003 0.004 0.00051004 0.00029468 0.00052528
0.002 -0.003 0.003 0.00055798 0.0003187 0.00055524
0.002 -0.003 0.002 0.00061493 0.00034562 0.00058581
0.002 -0.003 0.001 0.00068088 0.00037546 0.00061696
0.002 -0.003 0 0.00075585 0.0004082 0.00064871
0.002 -0.003 -0.001 0.00083982 0.00044385 0.00068104
0.002 -0.003 -0.002 0.00093281 0.00048241 0.00071398
0.002 -0.003 -0.003 0.0010348 0.00052388 0.0007475
0.002 -0.003 -0.004 0.0011458 0.00056826 0.00078162
0.002 -0.003 -0.005 0.0012658 0.00061555 0.00081633
0.002 -0.004 -0.005 0.0013505 0.00054045 0.00086956
0.002 -0.004 -0.004 0.0012187 0.0005007 0.00083056
0.002 -0.004 -0.003 0.001097 0.00046329 0.0007924
0.002 -0.004 -0.002 0.00098553 0.00042823 0.00075509
0.002 -0.004 -0.001 0.00088415 0.0003955 0.00071862
0.002 -0.004 0 0.00079291 0.00036512 0.00068299
0.002 -0.004 0.001 0.00071181 0.00033707 0.0006482
0.002 -0.004 0.002 0.00064084 0.00031137 0.00061426
0.002 -0.004 0.003 0.00058002 0.00028801 0.00058116
0.002 -0.004 0.004 0.00052933 0.00026699 0.00054891
0.002 -0.004 0.005 0.00048878 0.00024831 0.00051749
0.002 -0.005 0.005 0.00050571 0.00021991 0.0005378
0.002 -0.005 0.004 0.00054778 0.00023583 0.00057114
0.002 -0.005 0.003 0.00060118 0.0002534 0.00060558
0.002 -0.005 0.002 0.00066591 0.00027262 0.0006411
0.002 -0.005 0.001 0.00074197 0.00029349 0.0006777
0.002 -0.005 0 0.00082937 0.00031601 0.0007154
0.002 -0.005 -0.001 0.00092811 0.00034018 0.00075418
0.002 -0.005 -0.002 0.0010382 0.000366 0.00079405
0.002 -0.005 -0.003 0.0011596 0.00039348 0.00083501
0.002 -0.005 -0.004 0.0012923 0.0004226 0.00087706
0.002 -0.005 -0.005 0.0014364 0.00045337 0.0009202
0.003 -0.005 -0.005 0.0013704 0.00038792 0.0007628
0.003 -0.005 -0.004 0.0012391 0.0003673 0.00073616
0.003 -0.005 -0.003 0.0011176 0.00034719 0.00070931
0.003 -0.005 -0.002 0.0010061 0.00032756 0.00068226
0.003 -0.005 -0.001 0.00090455 0.00030844 0.000655
0.003 -0.005 0 0.00081286 0.00028982 0.00062755
0.003 -0.005 0.001 0.00073107 0.00027169 0.00059989
0.003 -0.005 0.002 0.00065919 0.00025406 0.00057203
0.003 -0.005 0.003 0.00059721 0.00023693 0.00054396
0.003 -0.005 0.004 0.00054513 0.0002203 0.00051569
0.003 -0.005 0.005 0.00050296 0.00020417 0.00048723
0.003 -0.004 0.005 0.00048727 0.00023172 0.0004698
0.003 -0.004 0.004 0.00052797 0.00024973 0.00049648
0.003 -0.004 0.003 0.0005776 0.00026902 0.00052293
0.003 -0.004 0.002 0.00063618 0.00028959 0.00054915
0.003 -0.004 0.001 0.00070369 0.00031143 0.00057512
0.003 -0.004 0 0.00078014 0.00033455 0.00060087
0.003 -0.004 -0.001 0.00086553 0.00035895 0.00062637
0.003 -0.004 -0.002 0.00095986 0.00038463 0.00065165
0.003 -0.004 -0.003 0.0010631 0.00041158 0.00067668
0.003 -0.004 -0.004 0.0011753 0.00043981 0.00070148
0.003 -0.004 -0.005 0.0012965 0.00046932 0.00072605
0.003 -0.003 -0.005 0.0012226 0.00054008 0.00068613
0.003 -0.003 -0.004 0.0011114 0.00050301 0.00066395
0.003 -0.003 -0.003 0.0010081 0.00046788 0.00064148
0.003 -0.003 -0.002 0.00091289 0.00043467 0.00061871
0.003 -0.003 -0.001 0.00082568 0.00040339 0.00059565
0.003 -0.003 0 0.00074648 0.00037404 0.00057229
0.003 -0.003 0.001 0.0006753 0.00034661 0.00054864
0.003 -0.003 0.002 0.00061214 0.00032112 0.0005247
0.003 -0.003 0.003 0.00055699 0.00029756 0.00050047
0.003 -0.003 0.004 0.00050987 0.00027592 0.00047594
0.003 -0.003 0.005 0.00047075 0.00025621 0.00045111
0.003 -0.002 0.005 0.0004534 0.00027766 0.00043117
0.003 -0.002 0.004 0.00049082 0.00029887 0.00045406
0.003 -0.002 0.003 0.00053537 0.00032254 0.00047656
0.003 -0.002 0.002 0.00058707 0.00034867 0.00049869
0.003 -0.002 0.001 0.0006459 0.00037724 0.00052045
0.003 -0.002 0 0.00071187 0.00040827 0.00054182
0.003 -0.002 -0.001 0.00078499 0.00044175 0.00056282
0.003 -0.002 -0.002 0.00086524 0.00047768 0.00058344
0.003 -0.002 -0.003 0.00095264 0.00051607 0.00060369
0.003 -0.002 -0.004 0.0010472 0.00055691 0.00062356
0.003 -0.002 -0.005 0.0011488 0.0006002 0.00064305
0.003 -0.001 -0.005 0.0010751 0.00064967 0.0005968
0.003 -0.001 -0.004 0.00098274 0.00060149 0.0005803
0.003 -0.001 -0.003 0.00089667 0.00055616 0.00056332
0.003 -0.001 -0.002 0.00081692 0.00051368 0.00054585
0.003 -0.001 -0.001 0.00074347 0.00047404 0.00052789
0.003 -0.001 0 0.00067632 0.00043725 0.00050945
0.003 -0.001 0.001 0.00061549 0.00040332 0.00049053
0.003 -0.001 0.002 0.00056096 0.00037223 0.00047112
0.003 -0.001 0.003 0.00051274 0.00034398 0.00045122
0.003 -0.001 0.004 0.00047083 0.00031859 0.00043084
0.003 -0.001 0.005 0.00043522 0.00029604 0.00040998
0.003 0 0.005 0.00041621 0.00031137 0.00038753
0.003 0 0.004 0.0004499 0.00033506 0.0004063
0.003 0 0.003 0.0004891 0.00036187 0.00042445
0.003 0 0.002 0.00053382 0.00039179 0.00044198
0.003 0 0.001 0.00058406 0.00042483 0.0004589
0.003 0 0 0.00063983 0.00046099 0.00047519
0.003 0 -0.001 0.00070111 0.00050026 0.00049087
0.003 0 -0.002 0.00076791 0.00054265 0.00050592
0.003 0 -0.003 0.00084023 0.00058815 0.00052036
0.003 0 -0.004 0.00091807 0.00063677 0.00053418
0.003 0 -0.005 0.0010014 0.00068851 0.00054738
0.003 0.001 -0.005 0.0009278 0.0007167 0.0004948
0.003 0.001 -0.004 0.00085316 0.00066274 0.0004852
0.003 0.001 -0.003 0.0007833 0.00061204 0.00047483
0.003 0.001 -0.002 0.00071822 0.00056459 0.00046367
0.003 0.001 -0.001 0.00065792 0.0005204 0.00045174
0.003 0.001 0 0.00060238 0.00047947 0.00043903
0.003 0.001 0.001 0.00055163 0.00044179 0.00042555
0.003 0.001 0.002 0.00050565 0.00040737 0.00041128
0.003 0.001 0.003 0.00046445 0.00037621 0.00039624
0.003 0.001 0.004 0.00042802 0.0003483 0.00038042
0.003 0.001 0.005 0.00039637 0.00032365 0.00036382
0.003 0.002 0.005 0.00037569 0.00033287 0.00033885
0.003 0.002 0.004 0.0004052 0.0003583 0.0003532
0.003 0.002 0.003 0.00043878 0.000387 0.00036659
0.003 0.002 0.002 0.00047645 0.00041896 0.00037902
0.003 0.002 0.001 0.00051818 0.0004542 0.00039048
0.003 0.002 0 0.000564 0.0004927 0.00040098
0.003 0.002 -0.001 0.00061389 0.00053448 0.00041052
0.003 0.002 -0.002 0.00066785 0.00057952 0.0004191
0.003 0.002 -0.003 0.0007259 0.00062783 0.00042671
0.003 0.002 -0.004 0.00078802 0.00067941 0.00043336
0.003 0.002 -0.005 0.00085422 0.00073425 0.00043905
0.003 0.003 -0.005 0.00078069 0.00074116 0.00038014
0.003 0.003 -0.004 0.00072264 0.00068676 0.00037866
0.003 0.003 -0.003 0.00066801 0.00063551 0.00037601
0.003 0.003 -0.002 0.00061681 0.00058742 0.00037219
0.003 0.003 -0.001 0.00056903 0.00054248 0.0003672
0.003 0.003 0 0.00052466 0.00050069 0.00036103
0.003 0.003 0.001 0.00048373 0.00046205 0.0003537
0.003 0.003 0.002 0.00044621 0.00042657 0.00034519
0.003 0.003 0.003 0.00041211 0.00039424 0.00033551
0.003 0.003 0.004 0.00038144 0.00036506 0.00032466
0.003 0.003 0.005 0.00035419 0.00033903 0.00031264
0.003 0.004 0.005 0.00033185 0.00034214 0.00028516
0.003 0.004 0.004 0.00035673 0.00036858 0.00029478
0.003 0.004 0.003 0.00038443 0.00039793 0.00030299
0.003 0.004 0.002 0.00041494 0.00043018 0.0003098
0.003 0.004 0.001 0.00044826 0.00046535 0.0003152
0.003 0.004 0 0.00048439 0.00050342 0.00031919
0.003 0.004 -0.001 0.00052333 0.0005444 0.00032177
0.003 0.004 -0.002 0.00056508 0.0005883 0.00032296
0.003 0.004 -0.003 0.00060964 0.0006351 0.00032273
0.003 0.004 -0.004 0.00065702 0.00068481 0.0003211
0.003 0.004 -0.005 0.00070721 0.00073743 0.00031806
0.003 0.005 -0.005 0.00063378 0.00072306 0.00025281
0.003 0.005 -0.004 0.00059116 0.00067356 0.00026067
0.003 0.005 -0.003 0.0005508 0.00062658 0.00026687
0.003 0.005 -0.002 0.00051267 0.00058215 0.00027139
0.003 0.005 -0.001 0.0004768 0.00054026 0.00027425
0.003 0.005 0 0.00044316 0.0005009 0.00027545
0.003 0.005 0.001 0.00041178 0.00046408 0.00027498
0.003 0.005 0.002 0.00038263 0.0004298 0.00027284
0.003 0.005 0.003 0.00035574 0.00039806 0.00026903
0.003 0.005 0.004 0.00033108 0.00036886 0.00026356
0.003 0.005 0.005 0.00030868 0.0003422 0.00025643
0.004 0.005 0.005 0.00031192 0.00032027 0.00023591
0.004 0.005 0.004 0.00033427 0.00034519 0.00024059
0.004 0.005 0.003 0.00035865 0.00037213 0.0002436
0.004 0.005 0.002 0.00038506 0.00040107 0.00024493
0.004 0.005 0.001 0.00041351 0.00043203 0.00024459
0.004 0.005 0 0.00044399 0.00046501 0.00024257
0.004 0.005 -0.001 0.0004765 0.00049999 0.00023888
0.004 0.005 -0.002 0.00051105 0.00053699 0.00023351
0.004 0.005 -0.003 0.00054764 0.000576 0.00022647
0.004 0.005 -0.004 0.00058625 0.00061703 0.00021775
0.004 0.005 -0.005 0.0006269 0.00066007 0.00020736
0.004 0.004 -0.005 0.00069762 0.00066923 0.00026391
0.004 0.004 -0.004 0.00064974 0.00062364 0.00027019
0.004 0.004 -0.003 0.00060443 0.00058044 0.00027501
0.004 0.004 -0.002 0.00056168 0.00053963 0.00027838
0.004 0.004 -0.001 0.00052149 0.00050121 0.0002803
0.004 0.004 0 0.00048387 0.00046518 0.00028076
0.004 0.004 0.001 0.00044882 0.00043154 0.00027977
0.004 0.004 0.002 0.00041634 0.00040029 0.00027733
0.004 0.004 0.003 0.00038642 0.00037142 0.00027343
0.004 0.004 0.004 0.00035906 0.00034495 0.00026809
0.004 0.004 0.005 0.00033428 0.00032086 0.00026129
0.004 0.003 0.005 0.00035574 0.00031842 0.00028549
0.004 0.003 0.004 0.00038287 0.00034167 0.00029436
0.004 0.003 0.003 0.00041311 0.00036755 0.00030195
0.004 0.003 0.002 0.00044646 0.00039606 0.00030828
0.004 0.003 0.001 0.00048294 0.00042719 0.00031333
0.004 0.003 0 0.00052254 0.00046095 0.00031712
0.004 0.003 -0.001 0.00056525 0.00049733 0.00031963
0.004 0.003 -0.002 0.00061109 0.00053634 0.00032088
0.004 0.003 -0.003 0.00066004 0.00057798 0.00032085
0.004 0.003 -0.004 0.00071211 0.00062225 0.00031956
0.004 0.003 -0.005 0.0007673 0.00066914 0.00031699
0.004 0.002 -0.005 0.00083593 0.00065979 0.00036659
0.004 0.002 -0.004 0.00077335 0.00061284 0.00036586
0.004 0.002 -0.003 0.00071447 0.00056862 0.000364
0.004 0.002 -0.002 0.00065928 0.00052713 0.00036101
0.004 0.002 -0.001 0.00060778 0.00048835 0.00035689
0.004 0.002 0 0.00055998 0.00045231 0.00035165
0.004 0.002 0.001 0.00051586 0.00041898 0.00034528
0.004 0.002 0.002 0.00047544 0.00038839 0.00033778
0.004 0.002 0.003 0.00043871 0.00036051 0.00032915
0.004 0.002 0.004 0.00040567 0.00033537 0.0003194
0.004 0.002 0.005 0.00037633 0.00031294 0.00030852
0.004 0.001 0.005 0.00039602 0.00030443 0.00033037
0.004 0.001 0.004 0.00042748 0.00032602 0.00034322
0.004 0.001 0.003 0.00046323 0.00035031 0.00035504
0.004 0.001 0.002 0.00050327 0.00037727 0.00036583
0.004 0.001 0.001 0.00054759 0.00040692 0.0003756
0.004 0.001 0 0.0005962 0.00043925 0.00038435
0.004 0.001 -0.001 0.00064909 0.00047427 0.00039207
0.004 0.001 -0.002 0.00070626 0.00051198 0.00039877
0.004 0.001 -0.003 0.00076773 0.00055236 0.00040445
0.004 0.001 -0.004 0.00083348 0.00059544 0.00040909
0.004 0.001 -0.005 0.00090351 0.00064119 0.00041272
0.004 0 -0.005 0.00097005 0.00061334 0.00045537
0.004 0 -0.004 0.00089248 0.00057002 0.00044926
0.004 0 -0.003 0.00081981 0.00052921 0.0004422
0.004 0 -0.002 0.00075203 0.0004909 0.00043417
0.004 0 -0.001 0.00068916 0.00045509 0.00042518
0.004 0 0 0.00063119 0.00042179 0.00041523
0.004 0 0.001 0.00057812 0.000391 0.00040432
0.004 0 0.002 0.00052995 0.00036271 0.00039244
0.004 0 0.003 0.00048667 0.00033693 0.00037961
0.004 0 0.004 0.0004483 0.00031365 0.00036581
0.004 0 0.005 0.00041483 0.00029288 0.00035105
0.004 -0.001 0.005 0.00043275 0.00027829 0.00037055
0.004 -0.001 0.004 0.00046812 0.00029825 0.00038717
0.004 -0.001 0.003 0.00050903 0.00032038 0.00040286
0.004 -0.001 0.002 0.00055547 0.00034471 0.0004176
0.004 -0.001 0.001 0.00060745 0.00037122 0.00043141
0.004 -0.001 0 0.00066497 0.00039993 0.00044428
0.004 -0.001 -0.001 0.00072801 0.00043081 0.00045621
0.004 -0.001 -0.002 0.00079659 0.00046389 0.0004672
0.004 -0.001 -0.003 0.00087071 0.00049915 0.00047725
0.004 -0.001 -0.004 0.00095036 0.0005366 0.00048637
0.004 -0.001 -0.005 0.0010355 0.00057623 0.00049455
0.004 -0.002 -0.005 0.0011 0.00052987 0.00053025
0.004 -0.002 -0.004 0.0010071 0.00049517 0.00052041
0.004 -0.002 -0.003 0.00092043 0.00046219 0.00050961
0.004 -0.002 -0.002 0.00083994 0.00043095 0.00049787
0.004 -0.002 -0.001 0.00076563 0.00040143 0.00048516
0.004 -0.002 0 0.00069752 0.00037365 0.0004715
0.004 -0.002 0.001 0.00063559 0.00034759 0.00045689
0.004 -0.002 0.002 0.00057985 0.00032327 0.00044132
0.004 -0.002 0.003 0.00053031 0.00030067 0.00042479
0.004 -0.002 0.004 0.00048695 0.00027981 0.00040731
0.004 -0.002 0.005 0.00044978 0.00026067 0.00038888
0.004 -0.003 0.005 0.00046592 0.00024001 0.00040603
0.004 -0.003 0.004 0.00050478 0.00025833 0.00042622
0.004 -0.003 0.003 0.0005505 0.00027779 0.00044541
0.004 -0.003 0.002 0.00060308 0.00029838 0.00046358
0.004 -0.003 0.001 0.00066253 0.0003201 0.00048075
0.004 -0.003 0 0.00072885 0.00034296 0.0004969
0.004 -0.003 -0.001 0.00080202 0.00036695 0.00051204
0.004 -0.003 -0.002 0.00088207 0.00039208 0.00052616
0.004 -0.003 -0.003 0.00096897 0.00041834 0.00053928
0.004 -0.003 -0.004 0.0010627 0.00044573 0.00055138
0.004 -0.003 -0.005 0.0011634 0.00047426 0.00056247
0.004 -0.004 -0.005 0.0012257 0.00040939 0.00059122
0.004 -0.004 -0.004 0.0011173 0.00038828 0.00057929
0.004 -0.004 -0.003 0.0010163 0.00036758 0.00056625
0.004 -0.004 -0.002 0.00092298 0.00034727 0.00055209
0.004 -0.004 -0.001 0.00083719 0.00032737 0.00053683
0.004 -0.004 0 0.00075895 0.00030786 0.00052047
0.004 -0.004 0.001 0.00068828 0.00028876 0.00050299
0.004 -0.004 0.002 0.00062516 0.00027005 0.0004844
0.004 -0.004 0.003 0.00056961 0.00025174 0.00046471
0.004 -0.004 0.004 0.00052162 0.00023383 0.00044391
0.004 -0.004 0.005 0.00048118 0.00021632 0.000422
0.004 -0.005 0.005 0.00049555 0.00018959 0.0004368
0.004 -0.005 0.004 0.00053746 0.00020629 0.00046037
0.004 -0.005 0.003 0.00058764 0.00022252 0.0004827
0.004 -0.005 0.002 0.0006461 0.00023827 0.00050378
0.004 -0.005 0.001 0.00071283 0.00025355 0.00052362
0.004 -0.005 0 0.00078784 0.00026836 0.00054221
0.004 -0.005 -0.001 0.00087113 0.00028269 0.00055956
0.004 -0.005 -0.002 0.00096269 0.00029654 0.00057566
0.004 -0.005 -0.003 0.0010625 0.00030993 0.00059052
0.004 -0.005 -0.004 0.0011706 0.00032283 0.00060413
0.004 -0.005 -0.005 0.001287 0.00033527 0.0006165
0.005 -0.005 -0.005 0.0011864 0.00029541 0.00048128
0.005 -0.005 -0.004 0.0010871 0.00028918 0.00048098
0.005 -0.005 -0.003 0.00099422 0.0002817 0.00047864
0.005 -0.005 -0.002 0.0009078 0.00027294 0.00047426
0.005 -0.005 -0.001 0.00082783 0.00026292 0.00046784
0.005 -0.005 0 0.00075432 0.00025163 0.00045939
0.005 -0.005 0.001 0.00068725 0.00023907 0.00044889
0.005 -0.005 0.002 0.00062664 0.00022525 0.00043635
0.005 -0.005 0.003 0.00057247 0.00021016 0.00042178
0.005 -0.005 0.004 0.00052476 0.00019381 0.00040517
0.005 -0.005 0.005 0.0004835 0.00017618 0.00038652
0.005 -0.004 0.005 0.00047051 0.00020212 0.0003741
0.005 -0.004 0.004 0.00051027 0.00021929 0.00039119
0.005 -0.004 0.003 0.00055603 0.00023617 0.0004065
0.005 -0.004 0.002 0.0006078 0.00025276 0.00042004
0.005 -0.004 0.001 0.00066557 0.00026905 0.0004318
0.005 -0.004 0 0.00072934 0.00028505 0.00044179
0.005 -0.004 -0.001 0.00079912 0.00030076 0.00045
0.005 -0.004 -0.002 0.0008749 0.00031617 0.00045643
0.005 -0.004 -0.003 0.00095669 0.00033129 0.00046109
0.005 -0.004 -0.004 0.0010445 0.00034612 0.00046397
0.005 -0.004 -0.005 0.0011383 0.00036065 0.00046508
0.005 -0.003 -0.005 0.001088 0.00041809 0.00044535
0.005 -0.003 -0.004 0.00099992 0.00039641 0.00044391
0.005 -0.003 -0.003 0.00091735 0.00037526 0.00044091
0.005 -0.003 -0.002 0.00084033 0.00035464 0.00043634
0.005 -0.003 -0.001 0.00076886 0.00033454 0.00043021
0.005 -0.003 0 0.00070294 0.00031497 0.00042252
0.005 -0.003 0.001 0.00064258 0.00029592 0.00041327
0.005 -0.003 0.002 0.00058776 0.0002774 0.00040245
0.005 -0.003 0.003 0.0005385 0.0002594 0.00039008
0.005 -0.003 0.004 0.00049478 0.00024192 0.00037614
0.005 -0.003 0.005 0.00045662 0.00022498 0.00036063
0.005 -0.002 0.005 0.00044183 0.00024476 0.00034612
0.005 -0.002 0.004 0.0004783 0.00026171 0.00036002
0.005 -0.002 0.003 0.00051987 0.00027985 0.00037251
0.005 -0.002 0.002 0.00056653 0.00029917 0.00038361
0.005 -0.002 0.001 0.00061828 0.00031968 0.0003933
0.005 -0.002 0 0.00067512 0.00034138 0.0004016
0.005 -0.002 -0.001 0.00073706 0.00036427 0.00040849
0.005 -0.002 -0.002 0.00080409 0.00038835 0.00041399
0.005 -0.002 -0.003 0.00087621 0.00041361 0.00041809
0.005 -0.002 -0.004 0.00095342 0.00044007 0.00042078
0.005 -0.002 -0.005 0.0010357 0.00046771 0.00042208
0.005 -0.001 -0.005 0.00098132 0.00050952 0.00039529
0.005 -0.001 -0.004 0.00090498 0.00047708 0.0003946
0.005 -0.001 -0.003 0.00083326 0.00044634 0.00039263
0.005 -0.001 -0.002 0.00076617 0.0004173 0.00038938
0.005 -0.001 -0.001 0.00070371 0.00038995 0.00038483
0.005 -0.001 0 0.00064588 0.0003643 0.000379
0.005 -0.001 0.001 0.00059268 0.00034034 0.00037189
0.005 -0.001 0.002 0.0005441 0.00031808 0.00036349
0.005 -0.001 0.003 0.00050015 0.00029752 0.0003538
0.005 -0.001 0.004 0.00046082 0.00027865 0.00034283
0.005 -0.001 0.005 0.00042613 0.00026148 0.00033057
0.005 0 0.005 0.00040953 0.00027513 0.00031397
0.005 0 0.004 0.00044235 0.00029275 0.00032457
0.005 0 0.003 0.00047933 0.00031241 0.00033395
0.005 0 0.002 0.00052047 0.00033413 0.00034211
0.005 0 0.001 0.00056576 0.0003579 0.00034904
0.005 0 0 0.00061521 0.00038371 0.00035475
0.005 0 -0.001 0.00066882 0.00041158 0.00035924
0.005 0 -0.002 0.00072659 0.00044149 0.0003625
0.005 0 -0.003 0.00078851 0.00047345 0.00036454
0.005 0 -0.004 0.00085459 0.00050746 0.00036536
0.005 0 -0.005 0.00092483 0.00054352 0.00036496
0.005 0.001 -0.005 0.00086625 0.00056971 0.00033109
0.005 0.001 -0.004 0.00080226 0.0005312 0.00033306
0.005 0.001 -0.003 0.00074196 0.00049494 0.00033382
0.005 0.001 -0.002 0.00068533 0.00046092 0.00033336
0.005 0.001 -0.001 0.00063239 0.00042915 0.0003317
0.005 0.001 0 0.00058313 0.00039962 0.00032883
0.005 0.001 0.001 0.00053754 0.00037234 0.00032475
0.005 0.001 0.002 0.00049564 0.00034731 0.00031946
0.005 0.001 0.003 0.00045742 0.00032453 0.00031296
0.005 0.001 0.004 0.00042288 0.00030399 0.00030525
0.005 0.001 0.005 0.00039202 0.0002857 0.00029633
0.005 0.002 0.005 0.00037362 0.00029321 0.00027764
0.005 0.002 0.004 0.00040242 0.00031239 0.00028486
0.005 0.002 0.003 0.00043442 0.00033387 0.00029082
0.005 0.002 0.002 0.00046962 0.00035763 0.00029554
0.005 0.002 0.001 0.00050802 0.00038369 0.00029902
0.005 0.002 0 0.00054961 0.00041203 0.00030124
0.005 0.002 -0.001 0.00059441 0.00044266 0.00030223
0.005 0.002 -0.002 0.00064241 0.00047559 0.00030196
0.005 0.002 -0.003 0.0006936 0.0005108 0.00030046
0.005 0.002 -0.004 0.00074799 0.0005483 0.0002977
0.005 0.002 -0.005 0.00080559 0.00058809 0.0002937
0.005 0.003 -0.005 0.00074284 0.00059866 0.00025277
0.005 0.003 -0.004 0.00069178 0.00055876 0.00025928
0.005 0.003 -0.003 0.00064344 0.00052104 0.00026446
0.005 0.003 -0.002 0.00059781 0.0004855 0.0002683
0.005 0.003 -0.001 0.00055489 0.00045213 0.00027082
0.005 0.003 0 0.00051468 0.00042094 0.000272
0.005 0.003 0.001 0.00047718 0.00039192 0.00027184
0.005 0.003 0.002 0.00044239 0.00036509 0.00027036
0.005 0.003 0.003 0.00041032 0.00034043 0.00026754
0.005 0.003 0.004 0.00038096 0.00031795 0.00026339
0.005 0.003 0.005 0.0003543 0.00029764 0.00025791
0.005 0.004 0.005 0.00033409 0.000299 0.00023714
0.005 0.004 0.004 0.0003585 0.00032065 0.00024086
0.005 0.004 0.003 0.00038513 0.00034421 0.00024312
0.005 0.004 0.002 0.00041397 0.00036968 0.00024391
0.005 0.004 0.001 0.00044504 0.00039706 0.00024323
0.005 0.004 0 0.00047832 0.00042634 0.00024108
0.005 0.004 -0.001 0.00051382 0.00045754 0.00023747
0.005 0.004 -0.002 0.00055154 0.00049065 0.00023238
0.005 0.004 -0.003 0.00059147 0.00052566 0.00022583
0.005 0.004 -0.004 0.00063363 0.00056259 0.0002178
0.005 0.004 -0.005 0.000678 0.00060142 0.00020831
0.005 0.005 -0.005 0.00061108 0.00059637 0.00016032
0.005 0.005 -0.004 0.00057353 0.00055977 0.00017327
0.005 0.005 -0.003 0.00053771 0.00052466 0.00018456
0.005 0.005 -0.002 0.0005036 0.00049104 0.0001942
0.005 0.005 -0.001 0.00047121 0.0004589 0.00020218
0.005 0.005 0 0.00044054 0.00042825 0.00020851
0.005 0.005 0.001 0.00041159 0.00039908 0.00021318
0.005 0.005 0.002 0.00038435 0.00037141 0.0002162
0.005 0.005 0.003 0.00035884 0.00034522 0.00021756
0.005 0.005 0.004 0.00033505 0.00032051 0.00021727
0.005 0.005 0.005 0.00031297 0.00029729 0.00021532
