1331
11 11 11
-0.005 0.005
-0.005 0.005
-0.005 0.005
-0.005 -0.005 -0.005 0.00030921 -0.0011555 0.00045029
-0.005 -0.005 -0.004 0.00029865 -0.0010614 0.00044677
-0.005 -0.005 -0.003 0.00028739 -0.00097347 0.00044209
-0.005 -0.005 -0.002 0.00027542 -0.00089154 0.00043625
-0.005 -0.005 -0.001 0.00026275 -0.00081564 0.00042924
-0.005 -0.005 0 0.00024937 -0.00074577 0.00042108
-0.005 -0.005 0.001 0.00023528 -0.00068195 0.00041175
-0.005 -0.005 0.002 0.00022049 -0.00062416 0.00040126
-0.005 -0.005 0.003 0.00020498 -0.00057241 0.00038961
-0.005 -0.005 0.004 0.00018878 -0.00052669 0.00037679
-0.005 -0.005 0.005 0.00017186 -0.00048701 0.00036282
-0.005 -0.004 0.005 0.00018843 -0.0004977 0.00041085
-0.005 -0.004 0.004 0.00020361 -0.00053903 0.0004298
-0.005 -0.004 0.003 0.00021904 -0.00058796 0.00044811
-0.005 -0.004 0.002 0.00023471 -0.0006445 0.00046578
-0.005 -0.004 0.001 0.00025063 -0.00070864 0.00048282
-0.005 -0.004 0 0.0002668 -0.00078038 0.00049923
-0.005 -0.004 -0.001 0.00028321 -0.00085973 0.000515
-0.005 -0.004 -0.002 0.00029987 -0.00094668 0.00053014
-0.005 -0.004 -0.003 0.00031677 -0.0010412 0.00054464
-0.005 -0.004 -0.004 0.00033392 -0.0011434 0.00055851
-0.005 -0.004 -0.005 0.00035132 -0.0012532 0.00057174
-0.005 -0.003 -0.005 0.00040493 -0.0013339 0.00070413
-0.005 -0.003 -0.004 0.00037919 -0.0012103 0.00067907
-0.005 -0.003 -0.003 0.00035473 -0.0010958 0.00065413
-0.005 -0.003 -0.002 0.00033155 -0.00099022 0.0006293
-0.005 -0.003 -0.001 0.00030966 -0.00089371 0.0006046
-0.005 -0.003 0 0.00028904 -0.00080623 0.00058002
-0.005 -0.003 0.001 0.00026971 -0.00072778 0.00055555
-0.005 -0.003 0.002 0.00025165 -0.00065836 0.00053121
-0.005 -0.003 0.003 0.00023488 -0.00059797 0.00050698
-0.005 -0.003 0.004 0.00021939 -0.00054661 0.00048288
-0.005 -0.003 0.005 0.00020518 -0.00050427 0.0004589
-0.005 -0.002 0.005 0.00022211 -0.00050672 0.00050695
-0.005 -0.002 0.004 0.00023611 -0.00054942 0.00053604
-0.005 -0.002 0.003 0.00025251 -0.00060243 0.00056624
-0.005 -0.002 0.002 0.00027131 -0.00066575 0.00059754
-0.005 -0.002 0.001 0.00029251 -0.00073938 0.00062994
-0.005 -0.002 0 0.00031611 -0.00082333 0.00066344
-0.005 -0.002 -0.001 0.0003421 -0.00091759 0.00069804
-0.005 -0.002 -0.002 0.00037049 -0.0010222 0.00073375
-0.005 -0.002 -0.003 0.00040128 -0.001137 0.00077055
-0.005 -0.002 -0.004 0.00043447 -0.0012622 0.00080846
-0.005 -0.002 -0.005 0.00047006 -0.0013978 0.00084747
-0.005 -0.001 -0.005 0.00054669 -0.0014446 0.0010017
-0.005 -0.001 -0.004 0.00049976 -0.0012991 0.00094668
-0.005 -0.001 -0.003 0.00045642 -0.0011651 0.00089392
-0.005 -0.001 -0.002 0.00041668 -0.0010425 0.00084347
-0.005 -0.001 -0.001 0.00038053 -0.00093136 0.00079533
-0.005 -0.001 0 0.00034799 -0.00083167 0.0007495
-0.005 -0.001 0.001 0.00031904 -0.00074344 0.00070598
-0.005 -0.001 0.002 0.00029369 -0.00066666 0.00066477
-0.005 -0.001 0.003 0.00027193 -0.00060133 0.00062587
-0.005 -0.001 0.004 0.00025378 -0.00054746 0.00058928
-0.005 -0.001 0.005 0.00023922 -0.00050505 0.000555
-0.005 0 0.005 0.00025651 -0.00049925 0.00060307
-0.005 0 0.004 0.00027239 -0.00054074 0.0006426
-0.005 0 0.003 0.00029314 -0.00059469 0.00068588
-0.005 0 0.002 0.00031878 -0.00066109 0.00073291
-0.005 0 0.001 0.00034929 -0.00073995 0.00078368
-0.005 0 0 0.00038468 -0.00083125 0.0008382
-0.005 0 -0.001 0.00042496 -0.00093502 0.00089646
-0.005 0 -0.002 0.00047011 -0.0010512 0.00095847
-0.005 0 -0.003 0.00052014 -0.0011799 0.0010242
-0.005 0 -0.004 0.00057505 -0.001321 0.0010937
-0.005 0 -0.005 0.00063484 -0.0014746 0.001167
-0.005 0.001 -0.005 0.00073449 -0.0014876 0.0013431
-0.005 0.001 -0.004 0.00066035 -0.0013279 0.0012496
-0.005 0.001 -0.003 0.00059244 -0.0011815 0.0011615
-0.005 0.001 -0.002 0.00053079 -0.0010484 0.0010787
-0.005 0.001 -0.001 0.00047537 -0.00092857 0.0010014
-0.005 0.001 0 0.0004262 -0.00082208 0.00092953
-0.005 0.001 0.001 0.00038327 -0.00072891 0.00086304
-0.005 0.001 0.002 0.00034658 -0.00064905 0.00080195
-0.005 0.001 0.003 0.00031614 -0.0005825 0.00074627
-0.005 0.001 0.004 0.00029194 -0.00052926 0.000696
-0.005 0.001 0.005 0.00027399 -0.00048933 0.00065114
-0.005 0.002 0.005 0.00029165 -0.00047529 0.00069921
-0.005 0.002 0.004 0.00031244 -0.00051301 0.00074948
-0.005 0.002 0.003 0.00034093 -0.00056475 0.00080704
-0.005 0.002 0.002 0.00037711 -0.00063053 0.00087189
-0.005 0.002 0.001 0.00042097 -0.00071033 0.00094405
-0.005 0.002 0 0.00047253 -0.00080415 0.0010235
-0.005 0.002 -0.001 0.00053178 -0.00091201 0.0011103
-0.005 0.002 -0.002 0.00059871 -0.0010339 0.0012043
-0.005 0.002 -0.003 0.00067334 -0.0011698 0.0013057
-0.005 0.002 -0.004 0.00075565 -0.0013197 0.0014143
-0.005 0.002 -0.005 0.00084565 -0.0014837 0.0015302
-0.005 0.003 -0.005 0.00096833 -0.0014629 0.0017283
-0.005 0.003 -0.004 0.00086096 -0.0012966 0.0015878
-0.005 0.003 -0.003 0.00076281 -0.0011449 0.0014568
-0.005 0.003 -0.002 0.00067388 -0.0010078 0.0013351
-0.005 0.003 -0.001 0.00059417 -0.00088534 0.0012229
-0.005 0.003 0 0.00052368 -0.00077747 0.0011201
-0.005 0.003 0.001 0.0004624 -0.0006842 0.0010267
-0.005 0.003 0.002 0.00041035 -0.00060553 0.00094274
-0.005 0.003 0.003 0.00036751 -0.00054146 0.00086818
-0.005 0.003 0.004 0.00033389 -0.00049199 0.00080303
-0.005 0.003 0.005 0.00030949 -0.00045713 0.0007473
-0.005 0.004 0.005 0.00032751 -0.00043484 0.00079539
-0.005 0.004 0.004 0.00035628 -0.00046621 0.00085666
-0.005 0.004 0.003 0.00039587 -0.00051262 0.0009297
-0.005 0.004 0.002 0.0004463 -0.00057405 0.0010145
-0.005 0.004 0.001 0.00050756 -0.00065052 0.001111
-0.005 0.004 0 0.00057964 -0.00074203 0.0012194
-0.005 0.004 -0.001 0.00066256 -0.00084857 0.0013394
-0.005 0.004 -0.002 0.0007563 -0.00097014 0.0014713
-0.005 0.004 -0.003 0.00086088 -0.0011067 0.0016148
-0.005 0.004 -0.004 0.00097628 -0.0012584 0.0017702
-0.005 0.004 -0.005 0.0011025 -0.0014251 0.0019373
-0.005 0.005 -0.005 0.0012482 -0.0013703 0.0021572
-0.005 0.005 -0.004 0.0011016 -0.0012052 0.0019614
-0.005 0.005 -0.003 0.00096752 -0.0010554 0.0017798
-0.005 0.005 -0.002 0.00084597 -0.00092086 0.0016126
-0.005 0.005 -0.001 0.00073694 -0.00080168 0.0014598
-0.005 0.005 0 0.00064043 -0.00069783 0.0013212
-0.005 0.005 0.001 0.00055644 -0.0006093 0.001197
-0.005 0.005 0.002 0.00048497 -0.0005361 0.0010871
-0.005 0.005 0.003 0.00042603 -0.00047822 0.0009916
-0.005 0.005 0.004 0.00037961 -0.00043567 0.00091038
-0.005 0.005 0.005 0.00034571 -0.00040844 0.00084348
-0.004 0.005 0.005 0.00038124 -0.00038208 0.00079646
-0.004 0.005 0.004 0.0004158 -0.00040729 0.0008584
-0.004 0.005 0.003 0.00046345 -0.00044547 0.00093219
-0.004 0.005 0.002 0.00052421 -0.00049662 0.0010178
-0.004 0.005 0.001 0.00059806 -0.00056075 0.0011153
-0.004 0.005 0 0.00068501 -0.00063785 0.0012247
-0.004 0.005 -0.001 0.00078506 -0.00072792 0.0013459
-0.004 0.005 -0.002 0.0008982 -0.00083096 0.0014789
-0.004 0.005 -0.003 0.0010244 -0.00094698 0.0016239
-0.004 0.005 -0.004 0.0011638 -0.001076 0.0017806
-0.004 0.005 -0.005 0.0013162 -0.0012179 0.0019492
-0.004 0.004 -0.005 0.0011774 -0.0012801 0.0017594
-0.004 0.004 -0.004 0.0010447 -0.0011353 0.0016152
-0.004 0.004 -0.003 0.00092344 -0.0010033 0.0014806
-0.004 0.004 -0.002 0.00081351 -0.00088411 0.0013557
-0.004 0.004 -0.001 0.00071492 -0.0007778 0.0012405
-0.004 0.004 0 0.00062768 -0.00068432 0.001135
-0.004 0.004 0.001 0.00055179 -0.0006037 0.0010392
-0.004 0.004 0.002 0.00048724 -0.00053591 0.00095302
-0.004 0.004 0.003 0.00043404 -0.00048098 0.00087657
-0.004 0.004 0.004 0.00039219 -0.00043888 0.00080981
-0.004 0.004 0.005 0.00036168 -0.00040963 0.00075273
-0.004 0.003 0.005 0.00034234 -0.00043302 0.00070878
-0.004 0.003 0.004 0.00036929 -0.00046571 0.00076098
-0.004 0.003 0.003 0.00040595 -0.00051098 0.0008209
-0.004 0.003 0.002 0.0004523 -0.00056883 0.00088854
-0.004 0.003 0.001 0.00050835 -0.00063926 0.00096388
-0.004 0.003 0 0.00057409 -0.00072227 0.0010469
-0.004 0.003 -0.001 0.00064954 -0.00081786 0.0011377
-0.004 0.003 -0.002 0.00073468 -0.00092603 0.0012362
-0.004 0.003 -0.003 0.00082952 -0.0010468 0.0013424
-0.004 0.003 -0.004 0.00093405 -0.0011801 0.0014563
-0.004 0.003 -0.005 0.0010483 -0.001326 0.001578
-0.004 0.002 -0.005 0.00092902 -0.0013556 0.0014049
-0.004 0.002 -0.004 0.00083177 -0.0012105 0.0013041
-0.004 0.002 -0.003 0.00074267 -0.0010775 0.0012093
-0.004 0.002 -0.002 0.00066171 -0.00095671 0.0011205
-0.004 0.002 -0.001 0.00058891 -0.00084811 0.0010376
-0.004 0.002 0 0.00052425 -0.00075168 0.00096056
-0.004 0.002 0.001 0.00046774 -0.00066744 0.0008895
-0.004 0.002 0.002 0.00041939 -0.00059537 0.00082438
-0.004 0.002 0.003 0.00037918 -0.00053548 0.00076519
-0.004 0.002 0.004 0.00034712 -0.00048777 0.00071194
-0.004 0.002 0.005 0.00032321 -0.00045224 0.00066462
-0.004 0.001 0.005 0.0003043 -0.0004673 0.00062023
-0.004 0.001 0.004 0.00032567 -0.00050507 0.00066266
-0.004 0.001 0.003 0.00035374 -0.00055448 0.00070944
-0.004 0.001 0.002 0.00038851 -0.00061553 0.00076056
-0.004 0.001 0.001 0.00042998 -0.00068823 0.00081602
-0.004 0.001 0 0.00047816 -0.00077257 0.00087584
-0.004 0.001 -0.001 0.00053303 -0.00086855 0.00094
-0.004 0.001 -0.002 0.00059461 -0.00097617 0.0010085
-0.004 0.001 -0.003 0.00066289 -0.0010954 0.0010814
-0.004 0.001 -0.004 0.00073788 -0.0012263 0.0011586
-0.004 0.001 -0.005 0.00081956 -0.0013689 0.0012401
-0.004 0 -0.005 0.0007199 -0.0013659 0.0010837
-0.004 0 -0.004 0.00065237 -0.0012277 0.0010196
-0.004 0 -0.003 0.0005902 -0.0011006 0.00095847
-0.004 0 -0.002 0.00053338 -0.00098439 0.00090029
-0.004 0 -0.001 0.00048191 -0.00087917 0.00084506
-0.004 0 0 0.00043581 -0.00078492 0.00079278
-0.004 0 0.001 0.00039506 -0.00070163 0.00074345
-0.004 0 0.002 0.00035966 -0.00062932 0.00069707
-0.004 0 0.003 0.00032962 -0.00056797 0.00065363
-0.004 0 0.004 0.00030494 -0.00051759 0.00061315
-0.004 0 0.005 0.00028561 -0.00047818 0.00057562
-0.004 -0.001 0.005 0.00026713 -0.0004849 0.0005308
-0.004 -0.001 0.004 0.00028492 -0.00052535 0.00056342
-0.004 -0.001 0.003 0.00030683 -0.00057596 0.00059779
-0.004 -0.001 0.002 0.00033284 -0.00063672 0.0006339
-0.004 -0.001 0.001 0.00036297 -0.00070765 0.00067177
-0.004 -0.001 0 0.0003972 -0.00078874 0.00071138
-0.004 -0.001 -0.001 0.00043555 -0.00087998 0.00075273
-0.004 -0.001 -0.002 0.00047801 -0.00098139 0.00079583
-0.004 -0.001 -0.003 0.00052458 -0.001093 0.00084068
-0.004 -0.001 -0.004 0.00057526 -0.0012147 0.00088728
-0.004 -0.001 -0.005 0.00063005 -0.0013466 0.00093562
-0.004 -0.002 -0.005 0.00055 -0.001311 0.0007959
-0.004 -0.002 -0.004 0.00050653 -0.0011871 0.00076158
-0.004 -0.002 -0.003 0.00046604 -0.0010725 0.00072799
-0.004 -0.002 -0.002 0.00042851 -0.00096715 0.00069513
-0.004 -0.002 -0.001 0.00039394 -0.00087098 0.00066302
-0.004 -0.002 0 0.00036235 -0.00078402 0.00063163
-0.004 -0.002 0.001 0.00033372 -0.00070628 0.00060099
-0.004 -0.002 0.002 0.00030805 -0.00063775 0.00057108
-0.004 -0.002 0.003 0.00028536 -0.00057844 0.0005419
-0.004 -0.002 0.004 0.00026563 -0.00052834 0.00051346
-0.004 -0.002 0.005 0.00024887 -0.00048746 0.00048576
-0.004 -0.003 0.005 0.00023082 -0.00048584 0.00044049
-0.004 -0.003 0.004 0.00024705 -0.00052656 0.00046327
-0.004 -0.003 0.003 0.00026521 -0.00057542 0.00048597
-0.004 -0.003 0.002 0.0002853 -0.0006324 0.00050858
-0.004 -0.003 0.001 0.0003073 -0.00069752 0.00053111
-0.004 -0.003 0 0.00033123 -0.00077078 0.00055355
-0.004 -0.003 -0.001 0.00035709 -0.00085216 0.00057592
-0.004 -0.003 -0.002 0.00038487 -0.00094168 0.00059819
-0.004 -0.003 -0.003 0.00041457 -0.0010393 0.00062039
-0.004 -0.003 -0.004 0.0004462 -0.0011451 0.0006425
-0.004 -0.003 -0.005 0.00047975 -0.001259 0.00066453
-0.004 -0.004 -0.005 0.0004193 -0.0011908 0.00054151
-0.004 -0.004 -0.004 0.00039425 -0.0010886 0.00053006
-0.004 -0.004 -0.003 0.00037018 -0.00099335 0.00051789
-0.004 -0.004 -0.002 0.0003471 -0.00090498 0.00050501
-0.004 -0.004 -0.001 0.00032499 -0.00082353 0.00049143
-0.004 -0.004 0 0.00030387 -0.000749 0.00047713
-0.004 -0.004 0.001 0.00028373 -0.00068138 0.00046213
-0.004 -0.004 0.002 0.00026457 -0.00062068 0.00044641
-0.004 -0.004 0.003 0.00024639 -0.00056689 0.00042999
-0.004 -0.004 0.004 0.0002292 -0.00052002 0.00041285
-0.004 -0.004 0.005 0.00021299 -0.00048006 0.00039501
-0.004 -0.005 0.005 0.00019537 -0.00047011 0.00034931
-0.004 -0.005 0.004 0.00021206 -0.0005087 0.00036221
-0.004 -0.005 0.003 0.0002289 -0.00055286 0.00037396
-0.004 -0.005 0.002 0.00024587 -0.00060257 0.00038458
-0.004 -0.005 0.001 0.00026299 -0.00065785 0.00039405
-0.004 -0.005 0 0.00028025 -0.00071869 0.00040237
-0.004 -0.005 -0.001 0.00029765 -0.00078509 0.00040955
-0.004 -0.005 -0.002 0.00031519 -0.00085705 0.00041559
-0.004 -0.005 -0.003 0.00033287 -0.00093458 0.00042048
-0.004 -0.005 -0.004 0.00035069 -0.0010177 0.00042423
-0.004 -0.005 -0.005 0.00036866 -0.0011063 0.00042684
-0.003 -0.005 -0.005 0.00042072 -0.0010557 0.00040133
-0.003 -0.005 -0.004 0.00039648 -0.00097245 0.00039981
-0.003 -0.005 -0.003 0.00037308 -0.00089432 0.00039716
-0.003 -0.005 -0.002 0.00035053 -0.0008213 0.00039337
-0.003 -0.005 -0.001 0.00032881 -0.00075338 0.00038844
-0.003 -0.005 0 0.00030794 -0.00069056 0.00038238
-0.003 -0.005 0.001 0.00028791 -0.00063285 0.00037518
-0.003 -0.005 0.002 0.00026872 -0.00058023 0.00036684
-0.003 -0.005 0.003 0.00025038 -0.00053272 0.00035737
-0.003 -0.005 0.004 0.00023288 -0.00049032 0.00034677
-0.003 -0.005 0.005 0.00021622 -0.00045301 0.00033502
-0.003 -0.004 0.005 0.00023477 -0.00046211 0.00037832
-0.003 -0.004 0.004 0.00025198 -0.00050054 0.00039491
-0.003 -0.004 0.003 0.00027078 -0.00054524 0.00041071
-0.003 -0.004 0.002 0.00029117 -0.00059618 0.00042574
-0.003 -0.004 0.001 0.00031315 -0.00065339 0.00043999
-0.003 -0.004 0 0.00033672 -0.00071685 0.00045345
-0.003 -0.004 -0.001 0.00036188 -0.00078656 0.00046614
-0.003 -0.004 -0.002 0.00038863 -0.00086254 0.00047804
-0.003 -0.004 -0.003 0.00041696 -0.00094477 0.00048916
-0.003 -0.004 -0.004 0.00044689 -0.0010333 0.00049951
-0.003 -0.004 -0.005 0.00047841 -0.001128 0.00050907
-0.003 -0.003 -0.005 0.0005443 -0.0011847 0.00062285
-0.003 -0.003 -0.004 0.0005042 -0.0010802 0.00060388
-0.003 -0.003 -0.003 0.00046655 -0.00098294 0.00058465
-0.003 -0.003 -0.002 0.00043135 -0.00089297 0.00056515
-0.003 -0.003 -0.001 0.0003986 -0.00081029 0.00054538
-0.003 -0.003 0 0.0003683 -0.00073488 0.00052535
-0.003 -0.003 0.001 0.00034045 -0.00066676 0.00050506
-0.003 -0.003 0.002 0.00031505 -0.00060591 0.00048449
-0.003 -0.003 0.003 0.0002921 -0.00055234 0.00046367
-0.003 -0.003 0.004 0.0002716 -0.00050606 0.00044257
-0.003 -0.003 0.005 0.00025355 -0.00046705 0.00042121
-0.003 -0.002 0.005 0.00027254 -0.00046784 0.0004637
-0.003 -0.002 0.004 0.00029172 -0.00050686 0.00048976
-0.003 -0.002 0.003 0.00031433 -0.00055405 0.00051623
-0.003 -0.002 0.002 0.00034035 -0.00060941 0.00054311
-0.003 -0.002 0.001 0.00036981 -0.00067295 0.00057039
-0.003 -0.002 0 0.00040268 -0.00074466 0.00059808
-0.003 -0.002 -0.001 0.00043898 -0.00082455 0.00062618
-0.003 -0.002 -0.002 0.0004787 -0.00091261 0.00065469
-0.003 -0.002 -0.003 0.00052184 -0.0010088 0.00068361
-0.003 -0.002 -0.004 0.00056841 -0.0011132 0.00071293
-0.003 -0.002 -0.005 0.0006184 -0.0012258 0.00074266
-0.003 -0.001 -0.005 0.00070071 -0.0012513 0.00086851
-0.003 -0.001 -0.004 0.00063952 -0.0011324 0.00082665
-0.003 -0.001 -0.003 0.00058284 -0.0010225 0.00078604
-0.003 -0.001 -0.002 0.00053067 -0.00092144 0.00074667
-0.003 -0.001 -0.001 0.00048301 -0.00082934 0.00070854
-0.003 -0.001 0 0.00043986 -0.00074619 0.00067164
-0.003 -0.001 0.001 0.00040121 -0.00067197 0.00063599
-0.003 -0.001 0.002 0.00036708 -0.00060669 0.00060158
-0.003 -0.001 0.003 0.00033746 -0.00055035 0.0005684
-0.003 -0.001 0.004 0.00031235 -0.00050294 0.00053647
-0.003 -0.001 0.005 0.00029174 -0.00046447 0.00050577
-0.003 0 0.005 0.00031117 -0.00045695 0.00054745
-0.003 0 0.004 0.00033348 -0.00049431 0.0005827
-0.003 0 0.003 0.0003615 -0.00054124 0.00062019
-0.003 0 0.002 0.00039524 -0.00059774 0.0006599
-0.003 0 0.001 0.00043468 -0.00066382 0.00070185
-0.003 0 0 0.00047983 -0.00073946 0.00074603
-0.003 0 -0.001 0.00053069 -0.00082468 0.00079244
-0.003 0 -0.002 0.00058726 -0.00091947 0.00084108
-0.003 0 -0.003 0.00064954 -0.0010238 0.00089195
-0.003 0 -0.004 0.00071753 -0.0011378 0.00094506
-0.003 0 -0.005 0.00079123 -0.0012613 0.0010004
-0.003 0.001 -0.005 0.00088996 -0.0012556 0.0011383
-0.003 0.001 -0.004 0.00080244 -0.0011292 0.0010681
-0.003 0.001 -0.003 0.00072195 -0.0010129 0.0010013
-0.003 0.001 -0.002 0.00064848 -0.0009067 0.00093793
-0.003 0.001 -0.001 0.00058203 -0.00081055 0.0008779
-0.003 0.001 0 0.0005226 -0.00072448 0.00082125
-0.003 0.001 0.001 0.0004702 -0.00064849 0.00076798
-0.003 0.001 0.002 0.00042482 -0.00058257 0.00071809
-0.003 0.001 0.003 0.00038646 -0.00052673 0.00067158
-0.003 0.001 0.004 0.00035512 -0.00048097 0.00062846
-0.003 0.001 0.005 0.00033081 -0.00044528 0.00058871
-0.003 0.002 0.005 0.00035067 -0.00042945 0.00062957
-0.003 0.002 0.004 0.00037727 -0.00046291 0.00067374
-0.003 0.002 0.003 0.00041232 -0.00050682 0.00072259
-0.003 0.002 0.002 0.00045582 -0.00056118 0.00077614
-0.003 0.002 0.001 0.00050777 -0.00062599 0.00083437
-0.003 0.002 0 0.00056817 -0.00070125 0.00089729
-0.003 0.002 -0.001 0.00063702 -0.00078696 0.00096491
-0.003 0.002 -0.002 0.00071431 -0.00088312 0.0010372
-0.003 0.002 -0.003 0.00080006 -0.00098974 0.0011142
-0.003 0.002 -0.004 0.00089425 -0.0011068 0.0011959
-0.003 0.002 -0.005 0.0009969 -0.0012343 0.0012823
-0.003 0.003 -0.005 0.001112 -0.0011974 0.0014323
-0.003 0.003 -0.004 0.00099296 -0.0010705 0.0013283
-0.003 0.003 -0.003 0.00088387 -0.00095428 0.0012305
-0.003 0.003 -0.002 0.00078477 -0.00084875 0.0011389
-0.003 0.003 -0.001 0.00069566 -0.00075391 0.0010535
-0.003 0.003 0 0.00061653 -0.00066976 0.00097417
-0.003 0.003 0.001 0.0005474 -0.00059631 0.00090103
-0.003 0.003 0.002 0.00048825 -0.00053356 0.00083404
-0.003 0.003 0.003 0.00043909 -0.0004815 0.00077321
-0.003 0.003 0.004 0.00039992 -0.00044014 0.00071854
-0.003 0.003 0.005 0.00037074 -0.00040947 0.00067003
-0.003 0.004 0.005 0.00039104 -0.00038533 0.00071007
-0.003 0.004 0.004 0.00042309 -0.00041265 0.00076286
-0.003 0.004 0.003 0.00046678 -0.00045077 0.00082344
-0.003 0.004 0.002 0.00052211 -0.00049971 0.0008918
-0.003 0.004 0.001 0.00058908 -0.00055946 0.00096794
-0.003 0.004 0 0.0006677 -0.00063002 0.0010519
-0.003 0.004 -0.001 0.00075795 -0.00071139 0.0011436
-0.003 0.004 -0.002 0.00085985 -0.00080357 0.0012431
-0.003 0.004 -0.003 0.00097339 -0.00090656 0.0013504
-0.003 0.004 -0.004 0.0010986 -0.0010204 0.0014654
-0.003 0.004 -0.005 0.0012354 -0.001145 0.0015883
-0.003 0.005 -0.005 0.001367 -0.0010769 0.0017503
-0.003 0.005 -0.004 0.0012111 -0.00095634 0.0016072
-0.003 0.005 -0.003 0.0010686 -0.00084657 0.0014737
-0.003 0.005 -0.002 0.00093956 -0.00074759 0.0013497
-0.003 0.005 -0.001 0.0008239 -0.00065941 0.0012353
-0.003 0.005 0 0.00072166 -0.00058203 0.0011304
-0.003 0.005 0.001 0.00063282 -0.00051544 0.0010351
-0.003 0.005 0.002 0.00055739 -0.00045964 0.00094942
-0.003 0.005 0.003 0.00049537 -0.00041465 0.00087328
-0.003 0.005 0.004 0.00044675 -0.00038045 0.00080671
-0.003 0.005 0.005 0.00041155 -0.00035704 0.00074971
-0.002 0.005 0.005 0.00043664 -0.00033333 0.00070326
-0.002 0.005 0.004 0.00047248 -0.00035515 0.00075532
-0.002 0.005 0.003 0.00052177 -0.00038576 0.00081486
-0.002 0.005 0.002 0.00058452 -0.00042517 0.00088189
-0.002 0.005 0.001 0.00066072 -0.00047337 0.0009564
-0.002 0.005 0 0.00075037 -0.00053037 0.0010384
-0.002 0.005 -0.001 0.00085347 -0.00059616 0.0011279
-0.002 0.005 -0.002 0.00097002 -0.00067075 0.0012248
-0.002 0.005 -0.003 0.0011 -0.00075413 0.0013293
-0.002 0.005 -0.004 0.0012435 -0.00084631 0.0014412
-0.002 0.005 -0.005 0.0014004 -0.00094728 0.0015606
-0.002 0.004 -0.005 0.0012766 -0.0010196 0.0014239
-0.002 0.004 -0.004 0.0011378 -0.00091366 0.001321
-0.002 0.004 -0.003 0.0010107 -0.00081662 0.0012242
-0.002 0.004 -0.002 0.00089533 -0.00072852 0.0011334
-0.002 0.004 -0.001 0.00079166 -0.00064935 0.0010487
-0.002 0.004 0 0.0006997 -0.00057911 0.00097002
-0.002 0.004 0.001 0.00061945 -0.00051781 0.0008974
-0.002 0.004 0.002 0.00055091 -0.00046544 0.00083083
-0.002 0.004 0.003 0.00049409 -0.00042201 0.00077031
-0.002 0.004 0.004 0.00044898 -0.00038751 0.00071584
-0.002 0.004 0.005 0.00041558 -0.00036195 0.00066742
-0.002 0.003 0.005 0.0003947 -0.00038648 0.00063103
-0.002 0.003 0.004 0.00042578 -0.00041527 0.00067569
-0.002 0.003 0.003 0.00046695 -0.00045301 0.0007251
-0.002 0.003 0.002 0.00051821 -0.0004997 0.00077925
-0.002 0.003 0.001 0.00057956 -0.00055535 0.00083815
-0.002 0.003 0 0.000651 -0.00061994 0.00090179
-0.002 0.003 -0.001 0.00073254 -0.00069348 0.00097018
-0.002 0.003 -0.002 0.00082416 -0.00077597 0.0010433
-0.002 0.003 -0.003 0.00092588 -0.00086742 0.0011212
-0.002 0.003 -0.004 0.0010377 -0.00096781 0.0012038
-0.002 0.003 -0.005 0.0011596 -0.0010772 0.0012912
-0.002 0.002 -0.005 0.0010493 -0.0011199 0.0011625
-0.002 0.002 -0.004 0.00094309 -0.0010088 0.0010896
-0.002 0.002 -0.003 0.00084551 -0.00090652 0.0010203
-0.002 0.002 -0.002 0.00075651 -0.00081311 0.00095451
-0.002 0.002 -0.001 0.0006761 -0.00072856 0.00089233
-0.002 0.002 0 0.00060428 -0.00065284 0.00083371
-0.002 0.002 0.001 0.00054105 -0.00058597 0.00077865
-0.002 0.002 0.002 0.00048641 -0.00052794 0.00072716
-0.002 0.002 0.003 0.00044035 -0.00047876 0.00067924
-0.002 0.002 0.004 0.00040289 -0.00043842 0.00063488
-0.002 0.002 0.005 0.00037401 -0.00040692 0.00059408
-0.002 0.001 0.005 0.00035351 -0.00042329 0.00055659
-0.002 0.001 0.004 0.0003803 -0.00045696 0.00059339
-0.002 0.001 0.003 0.0004143 -0.00049926 0.00063272
-0.002 0.001 0.002 0.00045551 -0.00055017 0.00067455
-0.002 0.001 0.001 0.00050392 -0.00060969 0.0007189
-0.002 0.001 0 0.00055953 -0.00067782 0.00076576
-0.002 0.001 -0.001 0.00062235 -0.00075458 0.00081514
-0.002 0.001 -0.002 0.00069237 -0.00083994 0.00086703
-0.002 0.001 -0.003 0.0007696 -0.00093392 0.00092143
-0.002 0.001 -0.004 0.00085404 -0.0010365 0.00097834
-0.002 0.001 -0.005 0.00094568 -0.0011477 0.0010378
-0.002 0 -0.005 0.00084881 -0.0011608 0.00091708
-0.002 0 -0.004 0.00077052 -0.0010511 0.00087008
-0.002 0 -0.003 0.00069817 -0.00094962 0.00082467
-0.002 0 -0.002 0.00063176 -0.00085645 0.00078085
-0.002 0 -0.001 0.00057128 -0.00077154 0.00073861
-0.002 0 0 0.00051675 -0.00069489 0.00069796
-0.002 0 0.001 0.00046816 -0.0006265 0.0006589
-0.002 0 0.002 0.00042551 -0.00056637 0.00062143
-0.002 0 0.003 0.0003888 -0.00051451 0.00058554
-0.002 0 0.004 0.00035802 -0.00047091 0.00055124
-0.002 0 0.005 0.00033319 -0.00043556 0.00051853
-0.002 -0.001 0.005 0.00031306 -0.00044376 0.00047993
-0.002 -0.001 0.004 0.00033605 -0.00048024 0.00050842
-0.002 -0.001 0.003 0.00036383 -0.00052451 0.00053771
-0.002 -0.001 0.002 0.00039641 -0.00057656 0.00056779
-0.002 -0.001 0.001 0.00043378 -0.0006364 0.00059865
-0.002 -0.001 0 0.00047595 -0.00070403 0.0006303
-0.002 -0.001 -0.001 0.0005229 -0.00077944 0.00066275
-0.002 -0.001 -0.002 0.00057466 -0.00086265 0.00069598
-0.002 -0.001 -0.003 0.0006312 -0.00095363 0.00073
-0.002 -0.001 -0.004 0.00069254 -0.0010524 0.00076481
-0.002 -0.001 -0.005 0.00075868 -0.001159 0.00080041
-0.002 -0.002 -0.005 0.00067527 -0.0011424 0.00068773
-0.002 -0.002 -0.004 0.0006201 -0.0010406 0.00066251
-0.002 -0.002 -0.003 0.00056871 -0.00094595 0.0006374
-0.002 -0.002 -0.002 0.00052107 -0.00085853 0.00061241
-0.002 -0.002 -0.001 0.00047721 -0.00077829 0.00058754
-0.002 -0.002 0 0.00043711 -0.00070525 0.00056279
-0.002 -0.002 0.001 0.00040078 -0.0006394 0.00053815
-0.002 -0.002 0.002 0.00036821 -0.00058073 0.00051363
-0.002 -0.002 0.003 0.00033942 -0.00052926 0.00048922
-0.002 -0.002 0.004 0.00031438 -0.00048497 0.00046494
-0.002 -0.002 0.005 0.00029312 -0.00044787 0.00044077
-0.002 -0.003 0.005 0.00027336 -0.0004479 0.00040106
-0.002 -0.003 0.004 0.00029302 -0.00048509 0.00042078
-0.002 -0.003 0.003 0.00031554 -0.00052875 0.00044008
-0.002 -0.003 0.002 0.00034092 -0.00057888 0.00045895
-0.002 -0.003 0.001 0.00036916 -0.00063548 0.0004774
-0.002 -0.003 0 0.00040025 -0.00069855 0.00049541
-0.002 -0.003 -0.001 0.0004342 -0.00076809 0.000513
-0.002 -0.003 -0.002 0.00047101 -0.00084409 0.00053016
-0.002 -0.003 -0.003 0.00051068 -0.00092656 0.00054689
-0.002 -0.003 -0.004 0.0005532 -0.0010155 0.0005632
-0.002 -0.003 -0.005 0.00059859 -0.0011109 0.00057907
-0.002 -0.004 -0.005 0.00052863 -0.0010646 0.00047442
-0.002 -0.004 -0.004 0.00049184 -0.00097725 0.00046686
-0.002 -0.004 -0.003 0.00045712 -0.00089548 0.00045846
-0.002 -0.004 -0.002 0.00042446 -0.00081934 0.00044921
-0.002 -0.004 -0.001 0.00039388 -0.00074882 0.00043912
-0.002 -0.004 0 0.00036536 -0.00068393 0.00042818
-0.002 -0.004 0.001 0.00033891 -0.00062466 0.0004164
-0.002 -0.004 0.002 0.00031453 -0.00057102 0.00040376
-0.002 -0.004 0.003 0.00029221 -0.000523 0.00039029
-0.002 -0.004 0.004 0.00027197 -0.00048061 0.00037596
-0.002 -0.004 0.005 0.00025379 -0.00044385 0.00036079
-0.002 -0.005 0.005 0.00023441 -0.00043571 0.00031997
-0.002 -0.005 0.004 0.00025122 -0.00047153 0.00033047
-0.002 -0.005 0.003 0.00026943 -0.000512 0.00033983
-0.002 -0.005 0.002 0.00028903 -0.00055714 0.00034806
-0.002 -0.005 0.001 0.00031004 -0.00060693 0.00035514
-0.002 -0.005 0 0.00033244 -0.00066139 0.00036109
-0.002 -0.005 -0.001 0.00035624 -0.0007205 0.0003659
-0.002 -0.005 -0.002 0.00038143 -0.00078427 0.00036958
-0.002 -0.005 -0.003 0.00040803 -0.00085271 0.00037211
-0.002 -0.005 -0.004 0.00043602 -0.0009258 0.00037351
-0.002 -0.005 -0.005 0.00046541 -0.0010036 0.00037377
-0.001 -0.005 -0.005 0.00050271 -0.00094993 0.00034415
-0.001 -0.005 -0.004 0.0004693 -0.00087771 0.00034532
-0.001 -0.005 -0.003 0.00043771 -0.00080973 0.00034534
-0.001 -0.005 -0.002 0.00040792 -0.00074598 0.00034422
-0.001 -0.005 -0.001 0.00037993 -0.00068646 0.00034194
-0.001 -0.005 0 0.00035375 -0.00063117 0.00033852
-0.001 -0.005 0.001 0.00032938 -0.00058011 0.00033394
-0.001 -0.005 0.002 0.00030681 -0.00053329 0.00032822
-0.001 -0.005 0.003 0.00028605 -0.00049069 0.00032135
-0.001 -0.005 0.004 0.00026709 -0.00045233 0.00031332
-0.001 -0.005 0.005 0.00024994 -0.00041821 0.00030415
-0.001 -0.004 0.005 0.00027004 -0.00042528 0.00034242
-0.001 -0.004 0.004 0.00028915 -0.00046022 0.00035601
-0.001 -0.004 0.003 0.00031068 -0.00050019 0.0003687
-0.001 -0.004 0.002 0.00033463 -0.00054518 0.00038049
-0.001 -0.004 0.001 0.00036099 -0.0005952 0.00039136
-0.001 -0.004 0 0.00038978 -0.00065024 0.00040133
-0.001 -0.004 -0.001 0.00042098 -0.0007103 0.00041038
-0.001 -0.004 -0.002 0.0004546 -0.00077539 0.00041854
-0.001 -0.004 -0.003 0.00049064 -0.0008455 0.00042578
-0.001 -0.004 -0.004 0.0005291 -0.00092064 0.00043212
-0.001 -0.004 -0.005 0.00056998 -0.0010008 0.00043755
-0.001 -0.003 -0.005 0.00064261 -0.0010377 0.00053321
-0.001 -0.003 -0.004 0.00059321 -0.0009511 0.00052045
-0.001 -0.003 -0.003 0.00054695 -0.00087022 0.00050713
-0.001 -0.003 -0.002 0.00050384 -0.00079504 0.00049323
-0.001 -0.003 -0.001 0.00046388 -0.00072556 0.00047877
-0.001 -0.003 0 0.00042707 -0.00066178 0.00046374
-0.001 -0.003 0.001 0.00039341 -0.0006037 0.00044813
-0.001 -0.003 0.002 0.0003629 -0.00055132 0.00043196
-0.001 -0.003 0.003 0.00033554 -0.00050465 0.00041522
-0.001 -0.003 0.004 0.00031133 -0.00046367 0.00039791
-0.001 -0.003 0.005 0.00029027 -0.00042839 0.00038003
-0.001 -0.002 0.005 0.00031062 -0.00042756 0.00041697
-0.001 -0.002 0.004 0.00033362 -0.00046268 0.000439
-0.001 -0.002 0.003 0.00036063 -0.00050406 0.00046089
-0.001 -0.002 0.002 0.00039163 -0.00055171 0.00048264
-0.001 -0.002 0.001 0.00042664 -0.00060562 0.00050426
-0.001 -0.002 0 0.00046564 -0.00066579 0.00052575
-0.001 -0.002 -0.001 0.00050863 -0.00073222 0.00054709
-0.001 -0.002 -0.002 0.00055563 -0.00080491 0.00056831
-0.001 -0.002 -0.003 0.00060662 -0.00088387 0.00058938
-0.001 -0.002 -0.004 0.00066161 -0.00096908 0.00061033
-0.001 -0.002 -0.005 0.0007206 -0.0010606 0.00063113
-0.001 -0.001 -0.005 0.00080395 -0.0010695 0.00073132
-0.001 -0.001 -0.004 0.00073433 -0.0009746 0.00070174
-0.001 -0.001 -0.003 0.00066967 -0.00088645 0.00067255
-0.001 -0.001 -0.002 0.00060997 -0.00080501 0.00064376
-0.001 -0.001 -0.001 0.00055524 -0.00073028 0.00061536
-0.001 -0.001 0 0.00050547 -0.00066226 0.00058736
-0.001 -0.001 0.001 0.00046067 -0.00060094 0.00055975
-0.001 -0.001 0.002 0.00042083 -0.00054633 0.00053253
-0.001 -0.001 0.003 0.00038595 -0.00049844 0.00050571
-0.001 -0.001 0.004 0.00035604 -0.00045724 0.00047929
-0.001 -0.001 0.005 0.00033109 -0.00042276 0.00045326
-0.001 0 0.005 0.00035168 -0.00041401 0.00048888
-0.001 0 0.004 0.00037857 -0.00044737 0.00051878
-0.001 0 0.003 0.0004115 -0.00048777 0.0005497
-0.001 0 0.002 0.00045047 -0.0005352 0.00058163
-0.001 0 0.001 0.0004955 -0.00058968 0.00061459
-0.001 0 0 0.00054657 -0.0006512 0.00064857
-0.001 0 -0.001 0.0006037 -0.00071975 0.00068357
-0.001 0 -0.002 0.00066686 -0.00079534 0.00071959
-0.001 0 -0.003 0.00073608 -0.00087798 0.00075663
-0.001 0 -0.004 0.00081135 -0.00096765 0.00079469
-0.001 0 -0.005 0.00089266 -0.0010644 0.00083377
-0.001 0.001 -0.005 0.00098672 -0.0010453 0.00093848
-0.001 0.001 -0.004 0.00089267 -0.00094823 0.00088918
-0.001 0.001 -0.003 0.00080586 -0.00085844 0.00084161
-0.001 0.001 -0.002 0.00072631 -0.0007759 0.00079579
-0.001 0.001 -0.001 0.000654 -0.00070062 0.00075172
-0.001 0.001 0 0.00058895 -0.0006326 0.00070938
-0.001 0.001 0.001 0.00053114 -0.00057183 0.00066879
-0.001 0.001 0.002 0.00048058 -0.00051832 0.00062994
-0.001 0.001 0.003 0.00043727 -0.00047206 0.00059283
-0.001 0.001 0.004 0.00040121 -0.00043306 0.00055747
-0.001 0.001 0.005 0.0003724 -0.00040131 0.00052385
-0.001 0.002 0.005 0.00039325 -0.00038465 0.00055815
-0.001 0.002 0.004 0.00042398 -0.0004143 0.00059536
-0.001 0.002 0.003 0.00046328 -0.00045131 0.00063513
-0.001 0.002 0.002 0.00051115 -0.00049567 0.00067746
-0.001 0.002 0.001 0.00056758 -0.00054739 0.00072235
-0.001 0.002 0 0.00063259 -0.00060647 0.0007698
-0.001 0.002 -0.001 0.00070616 -0.0006729 0.00081981
-0.001 0.002 -0.002 0.00078831 -0.00074669 0.00087238
-0.001 0.002 -0.003 0.00087902 -0.00082784 0.00092751
-0.001 0.002 -0.004 0.0009783 -0.00091634 0.0009852
-0.001 0.002 -0.005 0.0010861 -0.0010122 0.0010455
-0.001 0.003 -0.005 0.0011909 -0.00096513 0.0011547
-0.001 0.003 -0.004 0.0010682 -0.00087198 0.0010828
-0.001 0.003 -0.003 0.00095554 -0.00078617 0.0010143
-0.001 0.003 -0.002 0.00085285 -0.00070771 0.00094934
-0.001 0.003 -0.001 0.00076017 -0.00063658 0.00088784
-0.001 0.003 0 0.0006775 -0.0005728 0.00082981
-0.001 0.003 0.001 0.00060483 -0.00051637 0.00077526
-0.001 0.003 0.002 0.00054217 -0.00046727 0.00072418
-0.001 0.003 0.003 0.00048951 -0.00042552 0.00067658
-0.001 0.003 0.004 0.00044686 -0.00039111 0.00063245
-0.001 0.003 0.005 0.00041421 -0.00036404 0.00059179
-0.001 0.004 0.005 0.0004353 -0.00033947 0.00062477
-0.001 0.004 0.004 0.00046986 -0.00036347 0.00066873
-0.001 0.004 0.003 0.00051598 -0.00039469 0.00071718
-0.001 0.004 0.002 0.00057365 -0.00043311 0.00077011
-0.001 0.004 0.001 0.00064289 -0.00047875 0.00082753
-0.001 0.004 0 0.00072368 -0.0005316 0.00088943
-0.001 0.004 -0.001 0.00081604 -0.00059167 0.00095581
-0.001 0.004 -0.002 0.00091995 -0.00065895 0.0010267
-0.001 0.004 -0.003 0.0010354 -0.00073345 0.001102
-0.001 0.004 -0.004 0.0011625 -0.00081516 0.0011819
-0.001 0.004 -0.005 0.0013011 -0.00090408 0.0012662
-0.001 0.005 -0.005 0.0014166 -0.00082903 0.00138
-0.001 0.005 -0.004 0.001261 -0.00074586 0.0012825
-0.001 0.005 -0.003 0.0011187 -0.00066966 0.0011907
-0.001 0.005 -0.002 0.00098961 -0.00060043 0.0011044
-0.001 0.005 -0.001 0.00087375 -0.00053816 0.0010237
-0.001 0.005 0 0.00077113 -0.00048287 0.00094865
-0.001 0.005 0.001 0.00068175 -0.00043455 0.00087915
-0.001 0.005 0.002 0.00060559 -0.0003932 0.00081525
-0.001 0.005 0.003 0.00054267 -0.00035881 0.00075694
-0.001 0.005 0.004 0.00049298 -0.0003314 0.00070422
-0.001 0.005 0.005 0.00045652 -0.00031095 0.00065709
0 0.005 0.005 0.00047118 -0.0002899 0.0006112
0 0.005 0.004 0.00050824 -0.00030919 0.00065341
0 0.005 0.003 0.00055805 -0.0003338 0.00069951
0 0.005 0.002 0.00062061 -0.00036372 0.0007495
0 0.005 0.001 0.00069591 -0.00039897 0.00080339
0 0.005 0 0.00078396 -0.00043954 0.00086117
0 0.005 -0.001 0.00088476 -0.00048543 0.00092284
0 0.005 -0.002 0.0009983 -0.00053663 0.0009884
0 0.005 -0.003 0.0011246 -0.00059316 0.0010579
0 0.005 -0.004 0.0012636 -0.000655 0.0011312
0 0.005 -0.005 0.0014154 -0.00072217 0.0012084
0 0.004 -0.005 0.0013087 -0.00079832 0.0011152
0 0.004 -0.004 0.0011725 -0.00072486 0.001048
0 0.004 -0.003 0.0010475 -0.00065704 0.00098392
0 0.004 -0.002 0.00093371 -0.00059488 0.00092289
0 0.004 -0.001 0.00083109 -0.00053836 0.00086495
0 0.004 0 0.00073965 -0.0004875 0.0008101
0 0.004 0.001 0.00065939 -0.00044228 0.00075833
0 0.004 0.002 0.00059032 -0.00040271 0.00070965
0 0.004 0.003 0.00053244 -0.0003688 0.00066405
0 0.004 0.004 0.00048573 -0.00034053 0.00062154
0 0.004 0.005 0.00045021 -0.00031791 0.00058212
0 0.003 0.005 0.00042928 -0.00034216 0.00055231
0 0.003 0.004 0.00046316 -0.00036766 0.0005888
0 0.003 0.003 0.00050678 -0.00039902 0.00062763
0 0.003 0.002 0.00056013 -0.00043626 0.00066882
0 0.003 0.001 0.00062321 -0.00047937 0.00071235
0 0.003 0 0.00069603 -0.00052836 0.00075823
0 0.003 -0.001 0.00077857 -0.00058322 0.00080646
0 0.003 -0.002 0.00087084 -0.00064395 0.00085703
0 0.003 -0.003 0.00097285 -0.00071055 0.00090995
0 0.003 -0.004 0.0010846 -0.00078303 0.00096522
0 0.003 -0.005 0.0012061 -0.00086139 0.0010228
0 0.002 -0.005 0.0011075 -0.00091137 0.00093124
0 0.002 -0.004 0.00099986 -0.00082954 0.00088275
0 0.002 -0.003 0.00090058 -0.0007537 0.00083594
0 0.002 -0.002 0.0008097 -0.00068385 0.00079081
0 0.002 -0.001 0.0007272 -0.00061999 0.00074735
0 0.002 0 0.00065309 -0.00056213 0.00070557
0 0.002 0.001 0.00058737 -0.00051025 0.00066546
0 0.002 0.002 0.00053004 -0.00046436 0.00062702
0 0.002 0.003 0.00048109 -0.00042447 0.00059026
0 0.002 0.004 0.00044054 -0.00039056 0.00055518
0 0.002 0.005 0.00040837 -0.00036264 0.00052177
0 0.001 0.005 0.00038749 -0.00037936 0.0004905
0 0.001 0.004 0.00041785 -0.00040924 0.00052068
0 0.001 0.003 0.00045537 -0.00044513 0.00055194
0 0.001 0.002 0.00050004 -0.00048702 0.00058426
0 0.001 0.001 0.00055187 -0.00053491 0.00061765
0 0.001 0 0.00061085 -0.0005888 0.00065211
0 0.001 -0.001 0.00067699 -0.00064869 0.00068764
0 0.001 -0.002 0.00075028 -0.00071458 0.00072423
0 0.001 -0.003 0.00083073 -0.00078648 0.0007619
0 0.001 -0.004 0.00091833 -0.00086437 0.00080064
0 0.001 -0.005 0.0010131 -0.00094826 0.00084044
0 0 -0.005 0.00092276 -0.00097207 0.00075044
0 0 -0.004 0.00084 -0.00088752 0.00071887
0 0 -0.003 0.00076328 -0.00080888 0.00068782
0 0 -0.002 0.00069258 -0.00073615 0.0006573
0 0 -0.001 0.00062792 -0.00066931 0.00062731
0 0 0 0.0005693 -0.00060838 0.00059785
0 0 0.001 0.0005167 -0.00055336 0.00056892
0 0 0.002 0.00047014 -0.00050424 0.00054052
0 0 0.003 0.0004296 -0.00046102 0.00051265
0 0 0.004 0.00039511 -0.00042371 0.00048531
0 0 0.005 0.00036664 -0.0003923 0.0004585
0 -0.001 0.005 0.00034582 -0.00040148 0.00042577
0 -0.001 0.004 0.0003723 -0.00043396 0.00044906
0 -0.001 0.003 0.0004038 -0.00047213 0.00047241
0 -0.001 0.002 0.00044033 -0.00051601 0.00049582
0 -0.001 0.001 0.00048187 -0.00056559 0.00051929
0 -0.001 0 0.00052843 -0.00062087 0.0005428
0 -0.001 -0.001 0.00058001 -0.00068186 0.00056638
0 -0.001 -0.002 0.00063661 -0.00074854 0.00059001
0 -0.001 -0.003 0.00069823 -0.00082092 0.0006137
0 -0.001 -0.004 0.00076487 -0.00089901 0.00063744
0 -0.001 -0.005 0.00083653 -0.00098279 0.00066124
0 -0.002 -0.005 0.0007544 -0.00098043 0.00057285
0 -0.002 -0.004 0.00069294 -0.00089881 0.00055637
0 -0.002 -0.003 0.00063559 -0.00082259 0.00053954
0 -0.002 -0.002 0.00058236 -0.00075176 0.00052237
0 -0.002 -0.001 0.00053325 -0.00068632 0.00050484
0 -0.002 0 0.00048826 -0.00062627 0.00048696
0 -0.002 0.001 0.00044738 -0.00057161 0.00046873
0 -0.002 0.002 0.00041061 -0.00052234 0.00045015
0 -0.002 0.003 0.00037797 -0.00047847 0.00043122
0 -0.002 0.004 0.00034944 -0.00043998 0.00041194
0 -0.002 0.005 0.00032502 -0.00040689 0.00039231
0 -0.003 0.005 0.00030426 -0.00040853 0.00035812
0 -0.003 0.004 0.00032651 -0.00044179 0.00037394
0 -0.003 0.003 0.00035209 -0.00048002 0.00038907
0 -0.003 0.002 0.00038099 -0.00052323 0.00040351
0 -0.003 0.001 0.00041322 -0.00057142 0.00041726
0 -0.003 0 0.00044877 -0.00062457 0.00043032
0 -0.003 -0.001 0.00048764 -0.00068271 0.00044269
0 -0.003 -0.002 0.00052984 -0.00074581 0.00045436
0 -0.003 -0.003 0.00057536 -0.00081389 0.00046535
0 -0.003 -0.004 0.00062421 -0.00088695 0.00047565
0 -0.003 -0.005 0.00067638 -0.00096498 0.00048525
0 -0.004 -0.005 0.00060245 -0.00093644 0.00039846
0 -0.004 -0.004 0.00055867 -0.00086341 0.00039527
0 -0.004 -0.003 0.00051754 -0.00079483 0.00039112
0 -0.004 -0.002 0.00047904 -0.0007307 0.00038601
0 -0.004 -0.001 0.00044319 -0.00067101 0.00037993
0 -0.004 0 0.00040998 -0.00061578 0.00037288
0 -0.004 0.001 0.0003794 -0.00056501 0.00036488
0 -0.004 0.002 0.00035147 -0.00051868 0.0003559
0 -0.004 0.003 0.00032618 -0.0004768 0.00034597
0 -0.004 0.004 0.00030353 -0.00043938 0.00033507
0 -0.004 0.005 0.00028352 -0.0004064 0.0003232
0 -0.005 0.005 0.00026281 -0.0004005 0.00028755
0 -0.005 0.004 0.00028049 -0.00043274 0.00029532
0 -0.005 0.003 0.00030023 -0.0004688 0.00030191
0 -0.005 0.002 0.00032204 -0.00050868 0.00030733
0 -0.005 0.001 0.00034592 -0.00055238 0.00031158
0 -0.005 0 0.00037187 -0.0005999 0.00031465
0 -0.005 -0.001 0.00039988 -0.00065124 0.00031656
0 -0.005 -0.002 0.00042997 -0.00070641 0.00031729
0 -0.005 -0.003 0.00046212 -0.00076539 0.00031685
0 -0.005 -0.004 0.00049634 -0.00082819 0.00031525
0 -0.005 -0.005 0.00053263 -0.00089482 0.00031247
0.001 -0.005 -0.005 0.00055516 -0.00083822 0.00027873
0.001 -0.005 -0.004 0.00051712 -0.00077724 0.00028329
0.001 -0.005 -0.003 0.00048126 -0.00071969 0.00028664
0.001 -0.005 -0.002 0.00044759 -0.00066557 0.0002888
0.001 -0.005 -0.001 0.0004161 -0.00061487 0.00028975
0.001 -0.005 0 0.0003868 -0.00056759 0.0002895
0.001 -0.005 0.001 0.00035968 -0.00052374 0.00028804
0.001 -0.005 0.002 0.00033474 -0.00048332 0.00028538
0.001 -0.005 0.003 0.00031199 -0.00044632 0.00028152
0.001 -0.005 0.004 0.00029142 -0.00041275 0.00027646
0.001 -0.005 0.005 0.00027303 -0.0003826 0.00027019
0.001 -0.004 0.005 0.00029423 -0.00038721 0.00030314
0.001 -0.004 0.004 0.00031511 -0.00041807 0.00031312
0.001 -0.004 0.003 0.00033872 -0.00045283 0.00032208
0.001 -0.004 0.002 0.00036506 -0.0004915 0.00033002
0.001 -0.004 0.001 0.00039414 -0.00053408 0.00033694
0.001 -0.004 0 0.00042596 -0.00058056 0.00034285
0.001 -0.004 -0.001 0.0004605 -0.00063095 0.00034775
0.001 -0.004 -0.002 0.00049779 -0.00068525 0.00035162
0.001 -0.004 -0.003 0.0005378 -0.00074345 0.00035449
0.001 -0.004 -0.004 0.00058055 -0.00080556 0.00035633
0.001 -0.004 -0.005 0.00062604 -0.00087158 0.00035716
0.001 -0.003 -0.005 0.00069987 -0.00089283 0.00043521
0.001 -0.003 -0.004 0.00064621 -0.00082307 0.00042878
0.001 -0.003 -0.003 0.00059592 -0.0007576 0.00042157
0.001 -0.003 -0.002 0.00054902 -0.00069642 0.00041356
0.001 -0.003 -0.001 0.00050549 -0.00063953 0.00040476
0.001 -0.003 0 0.00046535 -0.00058693 0.00039517
0.001 -0.003 0.001 0.00042858 -0.00053862 0.00038478
0.001 -0.003 0.002 0.0003952 -0.00049461 0.00037361
0.001 -0.003 0.003 0.0003652 -0.00045488 0.00036164
0.001 -0.003 0.004 0.00033858 -0.00041945 0.00034889
0.001 -0.003 0.005 0.00031534 -0.0003883 0.00033534
0.001 -0.002 0.005 0.00033635 -0.00038587 0.00036678
0.001 -0.002 0.004 0.00036183 -0.00041688 0.00038376
0.001 -0.002 0.003 0.00039143 -0.00045247 0.00040022
0.001 -0.002 0.002 0.00042515 -0.00049264 0.00041615
0.001 -0.002 0.001 0.000463 -0.00053738 0.00043155
0.001 -0.002 0 0.00050497 -0.0005867 0.00044643
0.001 -0.002 -0.001 0.00055106 -0.0006406 0.00046078
0.001 -0.002 -0.002 0.00060128 -0.00069908 0.0004746
0.001 -0.002 -0.003 0.00065562 -0.00076213 0.00048789
0.001 -0.002 -0.004 0.00071408 -0.00082976 0.00050065
0.001 -0.002 -0.005 0.00077667 -0.00090196 0.00051289
0.001 -0.001 -0.005 0.00085641 -0.00089898 0.00059018
0.001 -0.001 -0.004 0.00078418 -0.00082563 0.00057193
0.001 -0.001 -0.003 0.0007169 -0.00075704 0.00055345
0.001 -0.001 -0.002 0.00065458 -0.00069322 0.00053474
0.001 -0.001 -0.001 0.00059722 -0.00063417 0.00051581
0.001 -0.001 0 0.00054483 -0.00057988 0.00049665
0.001 -0.001 0.001 0.00049739 -0.00053035 0.00047726
0.001 -0.001 0.002 0.00045492 -0.0004856 0.00045765
0.001 -0.001 0.003 0.0004174 -0.0004456 0.00043781
0.001 -0.001 0.004 0.00038485 -0.00041037 0.00041775
0.001 -0.001 0.005 0.00035725 -0.00037991 0.00039746
0.001 0 0.005 0.00037806 -0.00037043 0.00042738
0.001 0 0.004 0.00040764 -0.00039992 0.00045084
0.001 0 0.003 0.00044312 -0.00043427 0.00047441
0.001 0 0.002 0.00048449 -0.00047348 0.0004981
0.001 0 0.001 0.00053176 -0.00051754 0.0005219
0.001 0 0 0.00058492 -0.00056646 0.00054582
0.001 0 -0.001 0.00064397 -0.00062023 0.00056985
0.001 0 -0.002 0.00070891 -0.00067886 0.00059399
0.001 0 -0.003 0.00077976 -0.00074235 0.00061825
0.001 0 -0.004 0.00085649 -0.00081069 0.00064262
0.001 0 -0.005 0.00093912 -0.00088389 0.0006671
0.001 0.001 -0.005 0.0010248 -0.00085668 0.00074365
0.001 0.001 -0.004 0.00093102 -0.00078493 0.00071272
0.001 0.001 -0.003 0.00084419 -0.00071803 0.00068229
0.001 0.001 -0.002 0.00076428 -0.00065598 0.00065234
0.001 0.001 -0.001 0.0006913 -0.00059878 0.00062289
0.001 0.001 0 0.00062524 -0.00054643 0.00059394
0.001 0.001 0.001 0.0005661 -0.00049893 0.00056547
0.001 0.001 0.002 0.00051388 -0.00045628 0.0005375
0.001 0.001 0.003 0.00046859 -0.00041848 0.00051002
0.001 0.001 0.004 0.00043022 -0.00038553 0.00048303
0.001 0.001 0.005 0.00039877 -0.00035742 0.00045654
0.001 0.002 0.005 0.00041938 -0.0003409 0.00048494
0.001 0.002 0.004 0.00045257 -0.00036719 0.00051434
0.001 0.002 0.003 0.0004938 -0.00039823 0.00054464
0.001 0.002 0.002 0.00054308 -0.00043401 0.00057586
0.001 0.002 0.001 0.00060041 -0.00047454 0.00060798
0.001 0.002 0 0.00066579 -0.00051982 0.00064101
0.001 0.002 -0.001 0.00073922 -0.00056983 0.00067495
0.001 0.002 -0.002 0.00082069 -0.0006246 0.00070981
0.001 0.002 -0.003 0.00091021 -0.0006841 0.00074557
0.001 0.002 -0.004 0.0010078 -0.00074836 0.00078223
0.001 0.002 -0.005 0.0011134 -0.00081735 0.00081981
0.001 0.003 -0.005 0.001205 -0.00076591 0.0008956
0.001 0.003 -0.004 0.0010868 -0.00070097 0.00085116
0.001 0.003 -0.003 0.00097781 -0.00064056 0.00080808
0.001 0.003 -0.002 0.00087813 -0.0005847 0.00076637
0.001 0.003 -0.001 0.00078772 -0.00053338 0.00072602
0.001 0.003 0 0.00070658 -0.0004866 0.00068704
0.001 0.003 0.001 0.00063471 -0.00044436 0.00064942
0.001 0.003 0.002 0.0005721 -0.00040667 0.00061317
0.001 0.003 0.003 0.00051876 -0.00037352 0.00057828
0.001 0.003 0.004 0.00047469 -0.00034491 0.00054475
0.001 0.003 0.005 0.00043989 -0.00032084 0.00051259
0.001 0.004 0.005 0.00046031 -0.00029727 0.00053948
0.001 0.004 0.004 0.0004966 -0.00031869 0.00057427
0.001 0.004 0.003 0.00054347 -0.00034435 0.00061092
0.001 0.004 0.002 0.00060093 -0.00037425 0.00064943
0.001 0.004 0.001 0.00066897 -0.0004084 0.0006898
0.001 0.004 0 0.0007476 -0.00044678 0.00073202
0.001 0.004 -0.001 0.00083681 -0.00048941 0.0007761
0.001 0.004 -0.002 0.00093661 -0.00053629 0.00082204
0.001 0.004 -0.003 0.001047 -0.0005874 0.00086984
0.001 0.004 -0.004 0.001168 -0.00064276 0.0009195
0.001 0.004 -0.005 0.0012995 -0.00070236 0.00097101
0.001 0.005 -0.005 0.001397 -0.00062669 0.001046
0.001 0.005 -0.004 0.0012514 -0.00057374 0.00098725
0.001 0.005 -0.003 0.0011177 -0.00052463 0.00093084
0.001 0.005 -0.002 0.00099612 -0.00047937 0.00087682
0.001 0.005 -0.001 0.00088649 -0.00043795 0.00082519
0.001 0.005 0 0.00078885 -0.00040037 0.00077596
0.001 0.005 0.001 0.00070321 -0.00036664 0.00072911
0.001 0.005 0.002 0.00062957 -0.00033676 0.00068465
0.001 0.005 0.003 0.00056793 -0.00031072 0.00064258
0.001 0.005 0.004 0.00051827 -0.00028852 0.0006029
0.001 0.005 0.005 0.00048062 -0.00027017 0.00056561
0.002 0.005 0.005 0.00048485 -0.00025176 0.00052029
0.002 0.005 0.004 0.00052308 -0.00026939 0.00055267
0.002 0.005 0.003 0.00057229 -0.00028957 0.00058614
0.002 0.005 0.002 0.00063248 -0.00031229 0.00062068
0.002 0.005 0.001 0.00070365 -0.00033756 0.0006563
0.002 0.005 0 0.0007858 -0.00036537 0.00069301
0.002 0.005 -0.001 0.00087894 -0.00039572 0.0007308
0.002 0.005 -0.002 0.00098305 -0.00042862 0.00076967
0.002 0.005 -0.003 0.0010981 -0.00046407 0.00080962
0.002 0.005 -0.004 0.0012242 -0.00050206 0.00085065
0.002 0.005 -0.005 0.0013613 -0.0005426 0.00089276
0.002 0.004 -0.005 0.0012735 -0.00061619 0.00083351
0.002 0.004 -0.004 0.0011488 -0.00056887 0.00079625
0.002 0.004 -0.003 0.0010338 -0.00052453 0.0007598
0.002 0.004 -0.002 0.00092864 -0.00048319 0.00072414
0.002 0.004 -0.001 0.00083321 -0.00044483 0.00068927
0.002 0.004 0 0.00074753 -0.00040947 0.00065521
0.002 0.004 0.001 0.00067162 -0.0003771 0.00062194
0.002 0.004 0.002 0.00060547 -0.00034772 0.00058947
0.002 0.004 0.003 0.00054908 -0.00032133 0.00055779
0.002 0.004 0.004 0.00050245 -0.00029794 0.00052691
0.002 0.004 0.005 0.00046558 -0.00027753 0.00049683
0.002 0.003 0.005 0.00044606 -0.00030008 0.00047263
0.002 0.003 0.004 0.00048145 -0.00032287 0.0005003
0.002 0.003 0.003 0.00052545 -0.00034901 0.0005285
0.002 0.003 0.002 0.00057807 -0.0003785 0.00055723
0.002 0.003 0.001 0.00063931 -0.00041134 0.00058648
0.002 0.003 0 0.00070916 -0.00044753 0.00061625
0.002 0.003 -0.001 0.00078763 -0.00048707 0.00064655
0.002 0.003 -0.002 0.00087472 -0.00052995 0.00067737
0.002 0.003 -0.003 0.00097042 -0.00057619 0.00070871
0.002 0.003 -0.004 0.0010747 -0.00062578 0.00074058
0.002 0.003 -0.005 0.0011877 -0.00067871 0.00077298
0.002 0.002 -0.005 0.0011038 -0.00073015 0.00071118
0.002 0.002 -0.004 0.0010021 -0.00067279 0.00068364
0.002 0.002 -0.003 0.0009079 -0.00061905 0.00065637
0.002 0.002 -0.002 0.00082128 -0.00056893 0.00062937
0.002 0.002 -0.001 0.00074221 -0.00052242 0.00060262
0.002 0.002 0 0.00067069 -0.00047954 0.00057614
0.002 0.002 0.001 0.00060671 -0.00044027 0.00054992
0.002 0.002 0.002 0.00055028 -0.00040463 0.00052396
0.002 0.002 0.003 0.0005014 -0.0003726 0.00049827
0.002 0.002 0.004 0.00046007 -0.00034419 0.00047284
0.002 0.002 0.005 0.00042628 -0.00031941 0.00044767
0.002 0.001 0.005 0.00040625 -0.00033551 0.00042197
0.002 0.001 0.004 0.00043831 -0.00036191 0.00044452
0.002 0.001 0.003 0.00047693 -0.0003921 0.00046709
0.002 0.001 0.002 0.00052211 -0.0004261 0.00048967
0.002 0.001 0.001 0.00057383 -0.0004639 0.00051227
0.002 0.001 0 0.00063211 -0.0005055 0.00053487
0.002 0.001 -0.001 0.00069694 -0.0005509 0.00055749
0.002 0.001 -0.002 0.00076833 -0.0006001 0.00058013
0.002 0.001 -0.003 0.00084626 -0.00065311 0.00060277
0.002 0.001 -0.004 0.00093075 -0.00070991 0.00062543
0.002 0.001 -0.005 0.0010218 -0.00077052 0.0006481
0.002 0 -0.005 0.00094174 -0.00079981 0.00058376
0.002 0 -0.004 0.00086081 -0.00073714 0.00056595
0.002 0 -0.003 0.00078552 -0.00067836 0.00054791
0.002 0 -0.002 0.00071586 -0.00062348 0.00052965
0.002 0 -0.001 0.00065183 -0.0005725 0.00051116
0.002 0 0 0.00059344 -0.00052541 0.00049245
0.002 0 0.001 0.00054067 -0.00048221 0.00047352
0.002 0 0.002 0.00049354 -0.00044292 0.00045436
0.002 0 0.003 0.00045205 -0.00040751 0.00043497
0.002 0 0.004 0.00041618 -0.00037601 0.00041536
0.002 0 0.005 0.00038595 -0.0003484 0.00039552
0.002 -0.001 0.005 0.00036539 -0.00035806 0.00036832
0.002 -0.001 0.004 0.00039367 -0.0003865 0.00038534
0.002 -0.001 0.003 0.00042674 -0.00041884 0.0004019
0.002 -0.001 0.002 0.00046459 -0.00045508 0.00041801
0.002 -0.001 0.001 0.00050723 -0.00049523 0.00043367
0.002 -0.001 0 0.00055466 -0.00053927 0.00044888
0.002 -0.001 -0.001 0.00060687 -0.00058722 0.00046364
0.002 -0.001 -0.002 0.00066387 -0.00063907 0.00047794
0.002 -0.001 -0.003 0.00072566 -0.00069482 0.00049179
0.002 -0.001 -0.004 0.00079224 -0.00075447 0.00050519
0.002 -0.001 -0.005 0.0008636 -0.00081803 0.00051814
0.002 -0.002 -0.005 0.00078739 -0.00082516 0.00045124
0.002 -0.002 -0.004 0.00072504 -0.00076191 0.00044316
0.002 -0.002 -0.003 0.0006667 -0.00070247 0.00043441
0.002 -0.002 -0.002 0.00061238 -0.00064686 0.00042499
0.002 -0.002 -0.001 0.00056207 -0.00059506 0.00041491
0.002 -0.002 0 0.00051578 -0.00054709 0.00040415
0.002 -0.002 0.001 0.00047351 -0.00050293 0.00039273
0.002 -0.002 0.002 0.00043525 -0.00046259 0.00038065
0.002 -0.002 0.003 0.00040101 -0.00042608 0.00036789
0.002 -0.002 0.004 0.00037079 -0.00039338 0.00035447
0.002 -0.002 0.005 0.00034458 -0.0003645 0.00034038
0.002 -0.003 0.005 0.00032351 -0.00036772 0.00031168
0.002 -0.003 0.004 0.00034753 -0.00039665 0.00032274
0.002 -0.003 0.003 0.00037486 -0.00042922 0.00033293
0.002 -0.003 0.002 0.00040552 -0.00046545 0.00034225
0.002 -0.003 0.001 0.0004395 -0.00050533 0.0003507
0.002 -0.003 0 0.0004768 -0.00054885 0.00035827
0.002 -0.003 -0.001 0.00051742 -0.00059603 0.00036498
0.002 -0.003 -0.002 0.00056136 -0.00064685 0.00037081
0.002 -0.003 -0.003 0.00060862 -0.00070133 0.00037577
0.002 -0.003 -0.004 0.00065921 -0.00075945 0.00037986
0.002 -0.003 -0.005 0.00071311 -0.00082122 0.00038308
0.002 -0.004 -0.005 0.00064075 -0.00080621 0.00031364
0.002 -0.004 -0.004 0.00059474 -0.0007471 0.00031529
0.002 -0.004 -0.003 0.00055144 -0.00069138 0.00031587
0.002 -0.004 -0.002 0.00051083 -0.00063905 0.00031539
0.002 -0.004 -0.001 0.00047293 -0.00059011 0.00031385
0.002 -0.004 0 0.00043772 -0.00054457 0.00031124
0.002 -0.004 0.001 0.00040521 -0.00050241 0.00030757
0.002 -0.004 0.002 0.0003754 -0.00046365 0.00030283
0.002 -0.004 0.003 0.0003483 -0.00042828 0.00029703
0.002 -0.004 0.004 0.00032389 -0.00039631 0.00029017
0.002 -0.004 0.005 0.00030218 -0.00036772 0.00028224
0.002 -0.005 0.005 0.00028059 -0.0003645 0.00025205
0.002 -0.005 0.004 0.00029987 -0.00039235 0.00025674
0.002 -0.005 0.003 0.00032131 -0.00042326 0.00026019
0.002 -0.005 0.002 0.0003449 -0.0004572 0.00026239
0.002 -0.005 0.001 0.00037064 -0.0004942 0.00026334
0.002 -0.005 0 0.00039854 -0.00053424 0.00026305
0.002 -0.005 -0.001 0.00042859 -0.00057732 0.00026152
0.002 -0.005 -0.002 0.00046079 -0.00062345 0.00025874
0.002 -0.005 -0.003 0.00049514 -0.00067263 0.00025471
0.002 -0.005 -0.004 0.00053165 -0.00072485 0.00024944
0.002 -0.005 -0.005 0.00057031 -0.00078012 0.00024293
0.003 -0.005 -0.005 0.00057808 -0.00072053 0.00020508
0.003 -0.005 -0.004 0.00053993 -0.00067103 0.00021372
0.003 -0.005 -0.003 0.00050376 -0.00062421 0.00022106
0.003 -0.005 -0.002 0.00046956 -0.00058007 0.00022711
0.003 -0.005 -0.001 0.00043733 -0.00053861 0.00023186
0.003 -0.005 0 0.00040709 -0.00049984 0.00023531
0.003 -0.005 0.001 0.00037881 -0.00046374 0.00023747
0.003 -0.005 0.002 0.00035252 -0.00043033 0.00023833
0.003 -0.005 0.003 0.0003282 -0.0003996 0.0002379
0.003 -0.005 0.004 0.00030586 -0.00037156 0.00023617
0.003 -0.005 0.005 0.00028549 -0.0003462 0.00023315
0.003 -0.004 0.005 0.00030735 -0.00034792 0.0002605
0.003 -0.004 0.004 0.00032986 -0.00037408 0.00026622
0.003 -0.004 0.003 0.00035491 -0.00040316 0.00027083
0.003 -0.004 0.002 0.00038249 -0.00043513 0.00027434
0.003 -0.004 0.001 0.00041261 -0.00047002 0.00027674
0.003 -0.004 0 0.00044526 -0.00050781 0.00027804
0.003 -0.004 -0.001 0.00048046 -0.0005485 0.00027822
0.003 -0.004 -0.002 0.00051818 -0.0005921 0.0002773
0.003 -0.004 -0.003 0.00055845 -0.00063861 0.00027528
0.003 -0.004 -0.004 0.00060124 -0.00068802 0.00027215
0.003 -0.004 -0.005 0.00064658 -0.00074034 0.00026791
0.003 -0.003 -0.005 0.00071608 -0.00075017 0.00032886
0.003 -0.003 -0.004 0.0006632 -0.0006961 0.00032888
0.003 -0.003 -0.003 0.00061347 -0.00064508 0.00032796
0.003 -0.003 -0.002 0.00056688 -0.00059711 0.00032612
0.003 -0.003 -0.001 0.00052343 -0.0005522 0.00032335
0.003 -0.003 0 0.00048313 -0.00051033 0.00031964
0.003 -0.003 0.001 0.00044597 -0.00047152 0.00031501
0.003 -0.003 0.002 0.00041195 -0.00043576 0.00030944
0.003 -0.003 0.003 0.00038108 -0.00040305 0.00030294
0.003 -0.003 0.004 0.00035335 -0.00037339 0.00029551
0.003 -0.003 0.005 0.00032877 -0.00034678 0.00028715
0.003 -0.002 0.005 0.00034973 -0.00034278 0.00031311
0.003 -0.002 0.004 0.00037632 -0.00036947 0.00032405
0.003 -0.002 0.003 0.00040672 -0.00039928 0.00033423
0.003 -0.002 0.002 0.00044091 -0.0004322 0.00034363
0.003 -0.002 0.001 0.0004789 -0.00046825 0.00035227
0.003 -0.002 0 0.00052068 -0.00050741 0.00036013
0.003 -0.002 -0.001 0.00056627 -0.0005497 0.00036723
0.003 -0.002 -0.002 0.00061565 -0.0005951 0.00037356
0.003 -0.002 -0.003 0.00066883 -0.00064363 0.00037912
0.003 -0.002 -0.004 0.00072581 -0.00069527 0.0003839
0.003 -0.002 -0.005 0.00078659 -0.00075003 0.00038792
0.003 -0.001 -0.005 0.0008581 -0.00073992 0.0004451
0.003 -0.001 -0.004 0.00078906 -0.00068553 0.00043723
0.003 -0.001 -0.003 0.00072453 -0.00063424 0.00042873
0.003 -0.001 -0.002 0.0006645 -0.00058607 0.00041961
0.003 -0.001 -0.001 0.00060896 -0.00054101 0.00040987
0.003 -0.001 0 0.00055793 -0.00049905 0.00039951
0.003 -0.001 0.001 0.00051139 -0.00046021 0.00038852
0.003 -0.001 0.002 0.00046935 -0.00042447 0.00037692
0.003 -0.001 0.003 0.00043182 -0.00039184 0.00036469
0.003 -0.001 0.004 0.00039878 -0.00036233 0.00035184
0.003 -0.001 0.005 0.00037024 -0.00033592 0.00033836
0.003 0 0.005 0.0003903 -0.0003262 0.00036293
0.003 0 0.004 0.00042072 -0.00035196 0.00037887
0.003 0 0.003 0.00045638 -0.00038075 0.00039433
0.003 0 0.002 0.00049729 -0.00041256 0.0004093
0.003 0 0.001 0.00054345 -0.00044739 0.00042378
0.003 0 0 0.00059485 -0.00048524 0.00043777
0.003 0 -0.001 0.00065151 -0.00052612 0.00045127
0.003 0 -0.002 0.00071341 -0.00057002 0.00046429
0.003 0 -0.003 0.00078056 -0.00061694 0.00047681
0.003 0 -0.004 0.00085296 -0.00066688 0.00048885
0.003 0 -0.005 0.00093061 -0.00071984 0.0005004
0.003 0.001 -0.005 0.0010041 -0.00068979 0.00055381
0.003 0.001 -0.004 0.00091751 -0.00063932 0.00053877
0.003 0.001 -0.003 0.00083694 -0.0005917 0.00052336
0.003 0.001 -0.002 0.0007624 -0.00054694 0.00050758
0.003 0.001 -0.001 0.00069392 -0.00050504 0.00049143
0.003 0.001 0 0.00063147 -0.00046599 0.00047491
0.003 0.001 0.001 0.00057507 -0.0004298 0.00045803
0.003 0.001 0.002 0.00052472 -0.00039647 0.00044077
0.003 0.001 0.003 0.0004804 -0.000366 0.00042315
0.003 0.001 0.004 0.00044214 -0.00033838 0.00040515
0.003 0.001 0.005 0.00040991 -0.00031362 0.00038679
0.003 0.002 0.005 0.00042907 -0.00029818 0.00040995
0.003 0.002 0.004 0.00046304 -0.00032157 0.00043068
0.003 0.002 0.003 0.00050389 -0.00034758 0.00045114
0.003 0.002 0.002 0.00055163 -0.0003762 0.00047134
0.003 0.002 0.001 0.00060626 -0.00040744 0.00049127
0.003 0.002 0 0.00066778 -0.00044129 0.00051094
0.003 0.002 -0.001 0.00073618 -0.00047776 0.00053035
0.003 0.002 -0.002 0.00081147 -0.00051684 0.00054949
0.003 0.002 -0.003 0.00089364 -0.00055854 0.00056837
0.003 0.002 -0.004 0.00098271 -0.00060285 0.00058698
0.003 0.002 -0.005 0.0010787 -0.00064977 0.00060533
0.003 0.003 -0.005 0.0011542 -0.00059978 0.00065497
0.003 0.003 -0.004 0.0010485 -0.00055747 0.00063349
0.003 0.003 -0.003 0.00095069 -0.00051745 0.00061184
0.003 0.003 -0.002 0.0008606 -0.00047972 0.00059002
0.003 0.003 -0.001 0.0007783 -0.00044429 0.00056802
0.003 0.003 0 0.00070377 -0.00041115 0.00054585
0.003 0.003 0.001 0.00063702 -0.0003803 0.00052351
0.003 0.003 0.002 0.00057804 -0.00035175 0.000501
0.003 0.003 0.003 0.00052685 -0.0003255 0.00047831
0.003 0.003 0.004 0.00048343 -0.00030154 0.00045545
0.003 0.003 0.005 0.00044779 -0.00027987 0.00043242
0.003 0.004 0.005 0.00046605 -0.00025871 0.00045419
0.003 0.004 0.004 0.0005033 -0.00027829 0.00047948
0.003 0.004 0.003 0.00054926 -0.00029976 0.00050466
0.003 0.004 0.002 0.00060394 -0.00032313 0.00052975
0.003 0.004 0.001 0.00066734 -0.0003484 0.00055475
0.003 0.004 0 0.00073945 -0.00037556 0.00057965
0.003 0.004 -0.001 0.00082027 -0.00040462 0.00060446
0.003 0.004 -0.002 0.00090981 -0.00043557 0.00062917
0.003 0.004 -0.003 0.0010081 -0.00046843 0.00065378
0.003 0.004 -0.004 0.001115 -0.00050318 0.0006783
0.003 0.004 -0.005 0.0012307 -0.00053982 0.00070273
0.003 0.005 -0.005 0.0013083 -0.00046989 0.0007486
0.003 0.005 -0.004 0.0011822 -0.00043997 0.00072141
0.003 0.005 -0.003 0.0010658 -0.00041148 0.00069419
0.003 0.005 -0.002 0.00095909 -0.00038441 0.00066694
0.003 0.005 -0.001 0.00086211 -0.00035876 0.00063965
0.003 0.005 0 0.00077482 -0.00033453 0.00061233
0.003 0.005 0.001 0.00069723 -0.00031172 0.00058498
0.003 0.005 0.002 0.00062934 -0.00029033 0.0005576
0.003 0.005 0.003 0.00057114 -0.00027036 0.00053019
0.003 0.005 0.004 0.00052265 -0.00025181 0.00050274
0.003 0.005 0.005 0.00048386 -0.00023469 0.00047527
0.004 0.005 0.005 0.00047765 -0.00021894 0.00043053
0.004 0.005 0.004 0.00051699 -0.00023577 0.00045311
0.004 0.005 0.003 0.00056449 -0.00025308 0.00047474
0.004 0.005 0.002 0.00062014 -0.00027087 0.00049542
0.004 0.005 0.001 0.00068394 -0.00028912 0.00051515
0.004 0.005 0 0.00075589 -0.00030785 0.00053392
0.004 0.005 -0.001 0.000836 -0.00032705 0.00055175
0.004 0.005 -0.002 0.00092426 -0.00034672 0.00056863
0.004 0.005 -0.003 0.0010207 -0.00036686 0.00058456
0.004 0.005 -0.004 0.0011252 -0.00038748 0.00059953
0.004 0.005 -0.005 0.001238 -0.00040857 0.00061356
0.004 0.004 -0.005 0.0011711 -0.00047325 0.00057868
0.004 0.004 -0.004 0.0010667 -0.00044569 0.00056565
0.004 0.004 -0.003 0.00096968 -0.00041909 0.00055181
0.004 0.004 -0.002 0.00088012 -0.00039345 0.00053714
0.004 0.004 -0.001 0.00079801 -0.00036877 0.00052166
0.004 0.004 0 0.00072335 -0.00034504 0.00050536
0.004 0.004 0.001 0.00065613 -0.00032228 0.00048823
0.004 0.004 0.002 0.00059635 -0.00030047 0.00047029
0.004 0.004 0.003 0.00054402 -0.00027962 0.00045153
0.004 0.004 0.004 0.00049913 -0.00025973 0.00043195
0.004 0.004 0.005 0.00046169 -0.0002408 0.00041156
0.004 0.003 0.005 0.00044506 -0.00026023 0.00039198
0.004 0.003 0.004 0.00048063 -0.00028092 0.00041021
0.004 0.003 0.003 0.00052295 -0.00030298 0.00042771
0.004 0.003 0.002 0.00057202 -0.00032643 0.00044448
0.004 0.003 0.001 0.00062784 -0.00035125 0.00046053
0.004 0.003 0 0.0006904 -0.00037745 0.00047586
0.004 0.003 -0.001 0.00075972 -0.00040503 0.00049045
0.004 0.003 -0.002 0.00083579 -0.00043399 0.00050433
0.004 0.003 -0.003 0.0009186 -0.00046432 0.00051747
0.004 0.003 -0.004 0.0010082 -0.00049604 0.00052989
0.004 0.003 -0.005 0.0011045 -0.00052913 0.00054159
0.004 0.002 -0.005 0.001038 -0.00057621 0.00050228
0.004 0.002 -0.004 0.00094971 -0.00053852 0.00049225
0.004 0.002 -0.003 0.00086745 -0.00050256 0.00048155
0.004 0.002 -0.002 0.00079125 -0.00046834 0.00047018
0.004 0.002 -0.001 0.00072112 -0.00043584 0.00045814
0.004 0.002 0 0.00065706 -0.00040508 0.00044542
0.004 0.002 0.001 0.00059907 -0.00037604 0.00043204
0.004 0.002 0.002 0.00054714 -0.00034874 0.00041798
0.004 0.002 0.003 0.00050128 -0.00032316 0.00040326
0.004 0.002 0.004 0.00046148 -0.00029932 0.00038786
0.004 0.002 0.005 0.00042776 -0.00027721 0.00037179
0.004 0.001 0.005 0.00040977 -0.00029175 0.000351
0.004 0.001 0.004 0.00044169 -0.00031495 0.00036492
0.004 0.001 0.003 0.000479 -0.00034016 0.00037819
0.004 0.001 0.002 0.00052171 -0.0003674 0.0003908
0.004 0.001 0.001 0.00056981 -0.00039664 0.00040276
0.004 0.001 0 0.00062332 -0.00042791 0.00041406
0.004 0.001 -0.001 0.00068222 -0.00046119 0.00042471
0.004 0.001 -0.002 0.00074652 -0.00049649 0.0004347
0.004 0.001 -0.003 0.00081621 -0.00053381 0.00044404
0.004 0.001 -0.004 0.0008913 -0.00057315 0.00045273
0.004 0.001 -0.005 0.00097179 -0.0006145 0.00046076
0.004 0 -0.005 0.00090575 -0.00064398 0.00041703
0.004 0 -0.004 0.00083295 -0.00059991 0.00041132
0.004 0 -0.003 0.00076489 -0.00055806 0.00040495
0.004 0 -0.002 0.00070158 -0.00051846 0.00039789
0.004 0 -0.001 0.00064301 -0.00048109 0.00039017
0.004 0 0 0.00058917 -0.00044596 0.00038176
0.004 0 0.001 0.00054008 -0.00041306 0.00037268
0.004 0 0.002 0.00049573 -0.0003824 0.00036292
0.004 0 0.003 0.00045612 -0.00035398 0.00035249
0.004 0 0.004 0.00042125 -0.00032779 0.00034138
0.004 0 0.005 0.00039112 -0.00030384 0.0003296
0.004 -0.001 0.005 0.00037179 -0.0003135 0.00030759
0.004 -0.001 0.004 0.00040016 -0.00033786 0.00031725
0.004 -0.001 0.003 0.00043263 -0.00036462 0.00032617
0.004 -0.001 0.002 0.0004692 -0.00039376 0.00033436
0.004 -0.001 0.001 0.00050987 -0.0004253 0.00034181
0.004 -0.001 0 0.00055463 -0.00045922 0.00034853
0.004 -0.001 -0.001 0.00060349 -0.00049553 0.00035451
0.004 -0.001 -0.002 0.00065644 -0.00053423 0.00035976
0.004 -0.001 -0.003 0.0007135 -0.00057532 0.00036427
0.004 -0.001 -0.004 0.00077465 -0.0006188 0.00036804
0.004 -0.001 -0.005 0.0008399 -0.00066467 0.00037108
0.004 -0.002 -0.005 0.00077425 -0.00067656 0.00032292
0.004 -0.002 -0.004 0.0007164 -0.00062984 0.00032288
0.004 -0.002 -0.003 0.00066202 -0.00058559 0.000322
0.004 -0.002 -0.002 0.00061111 -0.00054381 0.00032029
0.004 -0.002 -0.001 0.00056366 -0.00050452 0.00031775
0.004 -0.002 0 0.00051968 -0.00046769 0.00031437
0.004 -0.002 0.001 0.00047917 -0.00043335 0.00031016
0.004 -0.002 0.002 0.00044212 -0.00040147 0.00030511
0.004 -0.002 0.003 0.00040855 -0.00037208 0.00029923
0.004 -0.002 0.004 0.00037843 -0.00034516 0.00029252
0.004 -0.002 0.005 0.00035179 -0.00032071 0.00028497
0.004 -0.003 0.005 0.00033111 -0.00032548 0.00026174
0.004 -0.003 0.004 0.00035606 -0.00034967 0.00026719
0.004 -0.003 0.003 0.00038385 -0.00037635 0.00027167
0.004 -0.003 0.002 0.0004145 -0.00040553 0.00027517
0.004 -0.003 0.001 0.00044799 -0.00043721 0.00027771
0.004 -0.003 0 0.00048434 -0.00047138 0.00027927
0.004 -0.003 -0.001 0.00052353 -0.00050804 0.00027987
0.004 -0.003 -0.002 0.00056557 -0.0005472 0.00027949
0.004 -0.003 -0.003 0.00061046 -0.00058886 0.00027815
0.004 -0.003 -0.004 0.0006582 -0.00063301 0.00027583
0.004 -0.003 -0.005 0.00070879 -0.00067966 0.00027255
0.004 -0.004 -0.005 0.00064353 -0.00067395 0.00021996
0.004 -0.004 -0.004 0.00060005 -0.00062832 0.00022691
0.004 -0.004 -0.003 0.00055882 -0.00058514 0.00023271
0.004 -0.004 -0.002 0.00051983 -0.0005444 0.00023737
0.004 -0.004 -0.001 0.00048309 -0.00050612 0.00024088
0.004 -0.004 0 0.00044859 -0.00047028 0.00024325
0.004 -0.004 0.001 0.00041634 -0.00043689 0.00024447
0.004 -0.004 0.002 0.00038632 -0.00040594 0.00024455
0.004 -0.004 0.003 0.00035856 -0.00037745 0.00024348
0.004 -0.004 0.004 0.00033304 -0.0003514 0.00024127
0.004 -0.004 0.005 0.00030976 -0.00032781 0.00023791
0.004 -0.005 0.005 0.00028773 -0.00032769 0.00021347
0.004 -0.005 0.004 0.00030937 -0.00035036 0.00021475
0.004 -0.005 0.003 0.00033266 -0.00037537 0.00021467
0.004 -0.005 0.002 0.0003576 -0.00040271 0.00021323
0.004 -0.005 0.001 0.0003842 -0.00043238 0.00021044
0.004 -0.005 0 0.00041244 -0.00046439 0.00020629
0.004 -0.005 -0.001 0.00044234 -0.00049873 0.00020078
0.004 -0.005 -0.002 0.0004739 -0.00053541 0.00019391
0.004 -0.005 -0.003 0.0005071 -0.00057442 0.00018568
0.004 -0.005 -0.004 0.00054196 -0.00061577 0.0001761
0.004 -0.005 -0.005 0.00057847 -0.00065945 0.00016516
0.005 -0.005 -0.005 0.00057148 -0.00059688 0.00012319
0.005 -0.005 -0.004 0.00053774 -0.00055908 0.0001366
0.005 -0.005 -0.003 0.00050518 -0.00052328 0.00014859
0.005 -0.005 -0.002 0.00047381 -0.00048948 0.00015914
0.005 -0.005 -0.001 0.00044362 -0.00045769 0.00016827
0.005 -0.005 0 0.00041461 -0.0004279 0.00017597
0.005 -0.005 0.001 0.00038679 -0.00040011 0.00018224
0.005 -0.005 0.002 0.00036015 -0.00037432 0.00018708
0.005 -0.005 0.003 0.00033469 -0.00035054 0.00019049
0.005 -0.005 0.004 0.00031041 -0.00032876 0.00019247
0.005 -0.005 0.005 0.00028732 -0.00030899 0.00019302
0.005 -0.004 0.005 0.0003094 -0.00030739 0.00021448
0.005 -0.004 0.004 0.00033341 -0.00032827 0.00021531
0.005 -0.004 0.003 0.00035924 -0.00035117 0.00021497
0.005 -0.004 0.002 0.00038691 -0.00037608 0.00021345
0.005 -0.004 0.001 0.00041639 -0.00040302 0.00021075
0.005 -0.004 0 0.0004477 -0.00043198 0.00020687
0.005 -0.004 -0.001 0.00048083 -0.00046296 0.00020181
0.005 -0.004 -0.002 0.00051579 -0.00049595 0.00019558
0.005 -0.004 -0.003 0.00055257 -0.00053097 0.00018816
0.005 -0.004 -0.004 0.00059117 -0.00056801 0.00017957
0.005 -0.004 -0.005 0.0006316 -0.00060706 0.0001698
0.005 -0.003 -0.005 0.00069123 -0.00060969 0.00021415
0.005 -0.003 -0.004 0.0006442 -0.00057019 0.00022073
0.005 -0.003 -0.003 0.0005996 -0.00053267 0.00022632
0.005 -0.003 -0.002 0.00055743 -0.00049712 0.00023093
0.005 -0.003 -0.001 0.00051771 -0.00046356 0.00023454
0.005 -0.003 0 0.00048042 -0.00043199 0.00023717
0.005 -0.003 0.001 0.00044557 -0.00040239 0.0002388
0.005 -0.003 0.002 0.00041316 -0.00037478 0.00023945
0.005 -0.003 0.003 0.00038318 -0.00034914 0.00023911
0.005 -0.003 0.004 0.00035564 -0.00032549 0.00023778
0.005 -0.003 0.005 0.00033054 -0.00030382 0.00023546
0.005 -0.002 0.005 0.00035076 -0.00029829 0.00025596
0.005 -0.002 0.004 0.00037712 -0.00032044 0.00025986
0.005 -0.002 0.003 0.0004065 -0.00034448 0.0002629
0.005 -0.002 0.002 0.0004389 -0.0003704 0.00026508
0.005 -0.002 0.001 0.00047433 -0.00039822 0.0002664
0.005 -0.002 0 0.00051278 -0.00042792 0.00026686
0.005 -0.002 -0.001 0.00055425 -0.00045951 0.00026646
0.005 -0.002 -0.002 0.00059874 -0.00049299 0.00026519
0.005 -0.002 -0.003 0.00064626 -0.00052836 0.00026307
0.005 -0.002 -0.004 0.0006968 -0.00056562 0.00026008
0.005 -0.002 -0.005 0.00075037 -0.00060476 0.00025624
0.005 -0.001 -0.005 0.000809 -0.00059228 0.00029607
0.005 -0.001 -0.004 0.00074899 -0.0005543 0.00029763
0.005 -0.001 -0.003 0.00069257 -0.00051805 0.0002984
0.005 -0.001 -0.002 0.00063972 -0.00048355 0.00029838
0.005 -0.001 -0.001 0.00059045 -0.00045079 0.00029756
0.005 -0.001 0 0.00054477 -0.00041978 0.00029595
0.005 -0.001 0.001 0.00050266 -0.0003905 0.00029354
0.005 -0.001 0.002 0.00046414 -0.00036296 0.00029034
0.005 -0.001 0.003 0.00042919 -0.00033716 0.00028635
0.005 -0.001 0.004 0.00039783 -0.00031311 0.00028156
0.005 -0.001 0.005 0.00037005 -0.00029079 0.00027599
0.005 0 0.005 0.0003884 -0.00028133 0.00029553
0.005 0 0.004 0.00041778 -0.0003035 0.00030288
0.005 0 0.003 0.00045127 -0.00032721 0.00030945
0.005 0 0.002 0.00048886 -0.00035245 0.00031523
0.005 0 0.001 0.00053057 -0.00037924 0.00032022
0.005 0 0 0.00057639 -0.00040756 0.00032443
0.005 0 -0.001 0.00062632 -0.00043742 0.00032785
0.005 0 -0.002 0.00068036 -0.00046881 0.00033048
0.005 0 -0.003 0.00073851 -0.00050175 0.00033232
0.005 0 -0.004 0.00080077 -0.00053622 0.00033338
0.005 0 -0.005 0.00086714 -0.00057223 0.00033364
0.005 0.001 -0.005 0.00092478 -0.00054463 0.00036896
0.005 0.001 -0.004 0.00085213 -0.00051139 0.00036731
0.005 0.001 -0.003 0.00078409 -0.00047944 0.00036483
0.005 0.001 -0.002 0.00072066 -0.00044877 0.0003615
0.005 0.001 -0.001 0.00066185 -0.00041938 0.00035732
0.005 0.001 0 0.00060765 -0.00039126 0.00035231
0.005 0.001 0.001 0.00055806 -0.00036443 0.00034645
0.005 0.001 0.002 0.00051308 -0.00033888 0.00033975
0.005 0.001 0.003 0.00047272 -0.0003146 0.00033221
0.005 0.001 0.004 0.00043697 -0.00029161 0.00032382
0.005 0.001 0.005 0.00040583 -0.0002699 0.0003146
0.005 0.002 0.005 0.00042232 -0.0002565 0.00033318
0.005 0.002 0.004 0.0004554 -0.00027744 0.00034438
0.005 0.002 0.003 0.00049355 -0.00029936 0.00035462
0.005 0.002 0.002 0.0005368 -0.00032223 0.0003639
0.005 0.002 0.001 0.00058513 -0.00034608 0.00037222
0.005 0.002 0 0.00063854 -0.00037089 0.00037958
0.005 0.002 -0.001 0.00069704 -0.00039667 0.00038599
0.005 0.002 -0.002 0.00076063 -0.00042342 0.00039143
0.005 0.002 -0.003 0.00082931 -0.00045113 0.00039592
0.005 0.002 -0.004 0.00090307 -0.00047982 0.00039945
0.005 0.002 -0.005 0.00098192 -0.00050947 0.00040202
0.005 0.003 -0.005 0.0010386 -0.00046675 0.00043281
0.005 0.003 -0.004 0.0009536 -0.00044149 0.00042977
0.005 0.003 -0.003 0.00087417 -0.00041683 0.0004256
0.005 0.003 -0.002 0.00080027 -0.00039277 0.00042029
0.005 0.003 -0.001 0.0007319 -0.00036931 0.00041384
0.005 0.003 0 0.00066907 -0.00034645 0.00040625
0.005 0.003 0.001 0.00061177 -0.00032419 0.00039753
0.005 0.003 0.002 0.00056 -0.00030253 0.00038768
0.005 0.003 0.003 0.00051376 -0.00028146 0.00037668
0.005 0.003 0.004 0.00047306 -0.000261 0.00036456
0.005 0.003 0.005 0.00043789 -0.00024114 0.00035129
0.005 0.004 0.005 0.00045252 -0.00022381 0.00036892
0.005 0.004 0.004 0.00048996 -0.00024228 0.00038435
0.005 0.004 0.003 0.00053335 -0.00026093 0.0003984
0.005 0.004 0.002 0.00058269 -0.00027975 0.00041108
0.005 0.004 0.001 0.00063799 -0.00029875 0.00042239
0.005 0.004 0 0.00069923 -0.00031793 0.00043232
0.005 0.004 -0.001 0.00076642 -0.00033728 0.00044088
0.005 0.004 -0.002 0.00083957 -0.00035681 0.00044806
0.005 0.004 -0.003 0.00091867 -0.00037652 0.00045386
0.005 0.004 -0.004 0.0010037 -0.00039641 0.0004583
0.005 0.004 -0.005 0.0010947 -0.00041647 0.00046135
0.005 0.005 -0.005 0.0011504 -0.00035863 0.00048763
0.005 0.005 -0.004 0.0010534 -0.00034457 0.00048501
0.005 0.005 -0.003 0.0009628 -0.00033021 0.00048072
0.005 0.005 -0.002 0.00087853 -0.00031555 0.00047475
0.005 0.005 -0.001 0.00080061 -0.00030059 0.0004671
0.005 0.005 0 0.00072902 -0.00028533 0.00045778
0.005 0.005 0.001 0.00066378 -0.00026977 0.00044679
0.005 0.005 0.002 0.00060488 -0.00025391 0.00043412
0.005 0.005 0.003 0.00055232 -0.00023774 0.00041978
0.005 0.005 0.004 0.0005061 -0.00022128 0.00040376
0.005 0.005 0.005 0.00046623 -0.00020451 0.00038607
