1331
11 11 11
-0.005 0.005
-0.005 0.005
-0.005 0.005
-0.005 -0.005 -0.005 -0.00021667 -0.0008884 -0.00017075
-0.005 -0.005 -0.004 -0.00020432 -0.00087525 -0.0001414
-0.005 -0.005 -0.003 -0.00019282 -0.00086053 -0.00011239
-0.005 -0.005 -0.002 -0.00018218 -0.00084421 -8.3724e-05
-0.005 -0.005 -0.001 -0.00017239 -0.00082632 -5.5402e-05
-0.005 -0.005 0 -0.00016345 -0.00080683 -2.7423e-05
-0.005 -0.005 0.001 -0.00015536 -0.00078577 2.1299e-07
-0.005 -0.005 0.002 -0.00014813 -0.00076312 2.7506e-05
-0.005 -0.005 0.003 -0.00014175 -0.00073888 5.4456e-05
-0.005 -0.005 0.004 -0.00013622 -0.00071306 8.1063e-05
-0.005 -0.005 0.005 -0.00013154 -0.00068566 0.00010733
-0.005 -0.004 0.005 -0.00014343 -0.00072871 0.00012422
-0.005 -0.004 0.004 -0.00015083 -0.00076034 9.891e-05
-0.005 -0.004 0.003 -0.00015857 -0.00078973 7.2581e-05
-0.005 -0.004 0.002 -0.00016666 -0.00081688 4.5228e-05
-0.005 -0.004 0.001 -0.00017509 -0.0008418 1.6852e-05
-0.005 -0.004 0 -0.00018386 -0.00086448 -1.2549e-05
-0.005 -0.004 -0.001 -0.00019297 -0.00088492 -4.2973e-05
-0.005 -0.004 -0.002 -0.00020243 -0.00090312 -7.4422e-05
-0.005 -0.004 -0.003 -0.00021223 -0.00091908 -0.00010689
-0.005 -0.004 -0.004 -0.00022237 -0.00093281 -0.00014039
-0.005 -0.004 -0.005 -0.00023286 -0.0009443 -0.00017491
-0.005 -0.003 -0.005 -0.0002575 -0.0010169 -0.00017445
-0.005 -0.003 -0.004 -0.00024769 -0.0010053 -0.00013433
-0.005 -0.003 -0.003 -0.00023785 -0.00099091 -9.5957e-05
-0.005 -0.003 -0.002 -0.00022797 -0.00097374 -5.9329e-05
-0.005 -0.003 -0.001 -0.00021807 -0.00095378 -2.4446e-05
-0.005 -0.003 0 -0.00020814 -0.00093104 8.6928e-06
-0.005 -0.003 0.001 -0.00019818 -0.00090551 4.0086e-05
-0.005 -0.003 0.002 -0.00018819 -0.00087719 6.9735e-05
-0.005 -0.003 0.003 -0.00017817 -0.00084609 9.7638e-05
-0.005 -0.003 0.004 -0.00016812 -0.00081221 0.0001238
-0.005 -0.003 0.005 -0.00015803 -0.00077554 0.00014821
-0.005 -0.002 0.005 -0.00017535 -0.00082614 0.00017931
-0.005 -0.002 0.004 -0.00018807 -0.00086867 0.00015572
-0.005 -0.002 0.003 -0.00020053 -0.00090797 0.00012963
-0.005 -0.002 0.002 -0.00021272 -0.00094405 0.00010102
-0.005 -0.002 0.001 -0.00022465 -0.00097689 6.9917e-05
-0.005 -0.002 0 -0.0002363 -0.0010065 3.6302e-05
-0.005 -0.002 -0.001 -0.00024769 -0.0010329 1.8169e-07
-0.005 -0.002 -0.002 -0.00025882 -0.0010561 -3.8445e-05
-0.005 -0.002 -0.003 -0.00026967 -0.001076 -7.9577e-05
-0.005 -0.002 -0.004 -0.00028026 -0.0010927 -0.00012322
-0.005 -0.002 -0.005 -0.00029059 -0.0011062 -0.00016936
-0.005 -0.001 -0.005 -0.00033212 -0.0012122 -0.00015965
-0.005 -0.001 -0.004 -0.0003201 -0.0011951 -0.00010705
-0.005 -0.001 -0.003 -0.00030771 -0.0011744 -5.7755e-05
-0.005 -0.001 -0.002 -0.00029496 -0.0011501 -1.177e-05
-0.005 -0.001 -0.001 -0.00028183 -0.0011223 3.0908e-05
-0.005 -0.001 0 -0.00026834 -0.0010909 7.0279e-05
-0.005 -0.001 0.001 -0.00025448 -0.001056 0.00010634
-0.005 -0.001 0.002 -0.00024026 -0.0010174 0.0001391
-0.005 -0.001 0.003 -0.00022566 -0.00097536 0.00016855
-0.005 -0.001 0.004 -0.0002107 -0.00092972 0.00019469
-0.005 -0.001 0.005 -0.00019537 -0.00088051 0.00021753
-0.005 0 0.005 -0.0002181 -0.00093866 0.00026284
-0.005 0 0.004 -0.000236 -0.00099536 0.0002407
-0.005 0 0.003 -0.00025356 -0.0010483 0.0002144
-0.005 0 0.002 -0.00027079 -0.0010974 0.00018396
-0.005 0 0.001 -0.00028769 -0.0011427 0.00014936
-0.005 0 0 -0.00030426 -0.0011842 0.00011062
-0.005 0 -0.001 -0.00032049 -0.001222 6.7734e-05
-0.005 0 -0.002 -0.00033639 -0.0012559 2.0696e-05
-0.005 0 -0.003 -0.00035196 -0.001286 -3.0491e-05
-0.005 0 -0.004 -0.0003672 -0.0013124 -8.5826e-05
-0.005 0 -0.005 -0.0003821 -0.0013349 -0.00014531
-0.005 0.001 -0.005 -0.00044053 -0.0014744 -0.00012635
-0.005 0.001 -0.004 -0.00042156 -0.0014446 -5.955e-05
-0.005 0.001 -0.003 -0.00040242 -0.001411 2.2163e-06
-0.005 0.001 -0.002 -0.00038312 -0.0013734 5.8953e-05
-0.005 0.001 -0.001 -0.00036367 -0.0013319 0.00011066
-0.005 0.001 0 -0.00034405 -0.0012865 0.00015734
-0.005 0.001 0.001 -0.00032427 -0.0012371 0.00019898
-0.005 0.001 0.002 -0.00030433 -0.0011839 0.0002356
-0.005 0.001 0.003 -0.00028423 -0.0011267 0.00026719
-0.005 0.001 0.004 -0.00026397 -0.0010656 0.00029374
-0.005 0.001 0.005 -0.00024355 -0.0010006 0.00031527
-0.005 0.002 0.005 -0.0002717 -0.0010663 0.0003748
-0.005 0.002 0.004 -0.00029461 -0.0011404 0.00035383
-0.005 0.002 0.003 -0.00031767 -0.0012106 0.0003269
-0.005 0.002 0.002 -0.00034087 -0.0012769 0.00029403
-0.005 0.002 0.001 -0.00036422 -0.0013392 0.0002552
-0.005 0.002 0 -0.00038772 -0.0013976 0.00021042
-0.005 0.002 -0.001 -0.00041136 -0.001452 0.00015968
-0.005 0.002 -0.002 -0.00043515 -0.0015026 0.000103
-0.005 0.002 -0.003 -0.00045909 -0.0015492 4.0366e-05
-0.005 0.002 -0.004 -0.00048318 -0.0015918 -2.8221e-05
-0.005 0.002 -0.005 -0.00050741 -0.0016305 -0.00010276
-0.005 0.003 -0.005 -0.00058274 -0.0018033 -7.4545e-05
-0.005 0.003 -0.004 -0.00055206 -0.0017539 8.1625e-06
-0.005 0.003 -0.003 -0.00052197 -0.0017006 8.3957e-05
-0.005 0.003 -0.002 -0.00049248 -0.0016435 0.00015284
-0.005 0.003 -0.001 -0.00046357 -0.0015825 0.00021481
-0.005 0.003 0 -0.00043526 -0.0015177 0.00026986
-0.005 0.003 0.001 -0.00040754 -0.001449 0.00031801
-0.005 0.003 0.002 -0.00038041 -0.0013764 0.00035924
-0.005 0.003 0.003 -0.00035387 -0.0013001 0.00039355
-0.005 0.003 0.004 -0.00032792 -0.0012198 0.00042095
-0.005 0.003 0.005 -0.00030257 -0.0011358 0.00044144
-0.005 0.004 0.005 -0.00033614 -0.001209 0.00051519
-0.005 0.004 0.004 -0.00036391 -0.0013039 0.00049512
-0.005 0.004 0.003 -0.00039285 -0.001395 0.00046713
-0.005 0.004 0.002 -0.00042295 -0.0014826 0.00043123
-0.005 0.004 0.001 -0.00045423 -0.0015664 0.00038741
-0.005 0.004 0 -0.00048668 -0.0016466 0.00033568
-0.005 0.004 -0.001 -0.00052031 -0.0017232 0.00027603
-0.005 0.004 -0.002 -0.0005551 -0.0017961 0.00020847
-0.005 0.004 -0.003 -0.00059106 -0.0018654 0.00013299
-0.005 0.004 -0.004 -0.0006282 -0.001931 4.96e-05
-0.005 0.004 -0.005 -0.00066651 -0.0019929 -4.1707e-05
-0.005 0.005 -0.005 -0.00075873 -0.0021991 -4.244e-06
-0.005 0.005 -0.004 -0.00071161 -0.0021229 9.609e-05
-0.005 0.005 -0.003 -0.00066637 -0.0020434 0.00018747
-0.005 0.005 -0.002 -0.00062302 -0.0019604 0.00026989
-0.005 0.005 -0.001 -0.00058156 -0.0018742 0.00034335
-0.005 0.005 0 -0.00054198 -0.0017845 0.00040786
-0.005 0.005 0.001 -0.0005043 -0.0016915 0.00046341
-0.005 0.005 0.002 -0.0004685 -0.0015952 0.00051001
-0.005 0.005 0.003 -0.00043459 -0.0014955 0.00054764
-0.005 0.005 0.004 -0.00040257 -0.0013925 0.00057633
-0.005 0.005 0.005 -0.00037243 -0.001286 0.00059605
-0.004 0.005 0.005 -0.00030145 -0.0013134 0.00062403
-0.004 0.005 0.004 -0.00032583 -0.0014249 0.00060767
-0.004 0.005 0.003 -0.00035163 -0.0015334 0.00058172
-0.004 0.005 0.002 -0.00037884 -0.0016389 0.00054616
-0.004 0.005 0.001 -0.00040746 -0.0017415 0.000501
-0.004 0.005 0 -0.0004375 -0.0018411 0.00044625
-0.004 0.005 -0.001 -0.00046895 -0.0019378 0.00038189
-0.004 0.005 -0.002 -0.00050181 -0.0020316 0.00030794
-0.004 0.005 -0.003 -0.00053609 -0.0021224 0.00022438
-0.004 0.005 -0.004 -0.00057178 -0.0022102 0.00013123
-0.004 0.005 -0.005 -0.00060888 -0.0022952 2.8473e-05
-0.004 0.004 -0.005 -0.00053541 -0.0020766 -1.2858e-05
-0.004 0.004 -0.004 -0.00050515 -0.0020072 7.9994e-05
-0.004 0.004 -0.003 -0.00047577 -0.0019345 0.0001645
-0.004 0.004 -0.002 -0.00044725 -0.0018586 0.00024065
-0.004 0.004 -0.001 -0.00041961 -0.0017793 0.00030844
-0.004 0.004 0 -0.00039284 -0.0016968 0.00036789
-0.004 0.004 0.001 -0.00036693 -0.001611 0.00041899
-0.004 0.004 0.002 -0.0003419 -0.001522 0.00046174
-0.004 0.004 0.003 -0.00031773 -0.0014297 0.00049613
-0.004 0.004 0.004 -0.00029444 -0.0013341 0.00052218
-0.004 0.004 0.005 -0.00027201 -0.0012352 0.00053987
-0.004 0.003 0.005 -0.00024478 -0.0011606 0.00046308
-0.004 0.003 0.004 -0.00026524 -0.0012479 0.00044417
-0.004 0.003 0.003 -0.00028612 -0.0013317 0.00041808
-0.004 0.003 0.002 -0.00030743 -0.0014119 0.0003848
-0.004 0.003 0.001 -0.00032917 -0.0014887 0.00034433
-0.004 0.003 0 -0.00035133 -0.001562 0.00029669
-0.004 0.003 -0.001 -0.00037393 -0.0016318 0.00024185
-0.004 0.003 -0.002 -0.00039695 -0.0016981 0.00017983
-0.004 0.003 -0.003 -0.00042039 -0.0017609 0.00011063
-0.004 0.003 -0.004 -0.00044427 -0.0018201 3.4243e-05
-0.004 0.003 -0.005 -0.00046857 -0.0018759 -4.9329e-05
-0.004 0.002 -0.005 -0.00040838 -0.001693 -8.0941e-05
-0.004 0.002 -0.004 -0.00038913 -0.001649 -6.0252e-06
-0.004 0.002 -0.003 -0.00036996 -0.0016014 6.2789e-05
-0.004 0.002 -0.002 -0.00035089 -0.0015501 0.0001255
-0.004 0.002 -0.001 -0.00033189 -0.0014952 0.00018211
-0.004 0.002 0 -0.00031299 -0.0014367 0.00023263
-0.004 0.002 0.001 -0.00029417 -0.0013746 0.00027704
-0.004 0.002 0.002 -0.00027544 -0.0013088 0.00031534
-0.004 0.002 0.003 -0.00025679 -0.0012394 0.00034755
-0.004 0.002 0.004 -0.00023823 -0.0011663 0.00037366
-0.004 0.002 0.005 -0.00021975 -0.0010896 0.00039366
-0.004 0.001 0.005 -0.00019692 -0.0010223 0.00033161
-0.004 0.001 0.004 -0.00021341 -0.0010894 0.00031063
-0.004 0.001 0.003 -0.00022974 -0.0011528 0.00028455
-0.004 0.001 0.002 -0.00024591 -0.0012125 0.00025337
-0.004 0.001 0.001 -0.00026193 -0.0012685 0.00021709
-0.004 0.001 0 -0.0002778 -0.0013209 0.00017571
-0.004 0.001 -0.001 -0.00029352 -0.0013696 0.00012923
-0.004 0.001 -0.002 -0.00030907 -0.0014147 7.7652e-05
-0.004 0.001 -0.003 -0.00032448 -0.0014561 2.0971e-05
-0.004 0.001 -0.004 -0.00033973 -0.0014938 -4.0811e-05
-0.004 0.001 -0.005 -0.00035483 -0.0015279 -0.00010769
-0.004 0 -0.005 -0.00030792 -0.0013806 -0.00012959
-0.004 0 -0.004 -0.00029608 -0.0013546 -7.0114e-05
-0.004 0 -0.003 -0.00028394 -0.001325 -1.4825e-05
-0.004 0 -0.002 -0.00027151 -0.0012918 3.6282e-05
-0.004 0 -0.001 -0.00025879 -0.001255 8.3206e-05
-0.004 0 0 -0.00024577 -0.0012146 0.00012595
-0.004 0 0.001 -0.00023246 -0.0011706 0.00016451
-0.004 0 0.002 -0.00021886 -0.001123 0.00019889
-0.004 0 0.003 -0.00020496 -0.0010718 0.00022908
-0.004 0 0.004 -0.00019077 -0.0010171 0.0002551
-0.004 0 0.005 -0.00017629 -0.00095866 0.00027693
-0.004 -0.001 0.005 -0.00015786 -0.00089867 0.00022961
-0.004 -0.001 0.004 -0.00017033 -0.00094938 0.00020705
-0.004 -0.001 0.003 -0.00018247 -0.00099665 0.00018114
-0.004 -0.001 0.002 -0.00019428 -0.0010405 0.00015188
-0.004 -0.001 0.001 -0.00020576 -0.0010809 0.00011928
-0.004 -0.001 0 -0.0002169 -0.0011178 8.3331e-05
-0.004 -0.001 -0.001 -0.00022772 -0.0011514 4.4035e-05
-0.004 -0.001 -0.002 -0.0002382 -0.0011815 1.3918e-06
-0.004 -0.001 -0.003 -0.00024835 -0.0012081 -4.4598e-05
-0.004 -0.001 -0.004 -0.00025816 -0.0012313 -9.3935e-05
-0.004 -0.001 -0.005 -0.00026765 -0.0012511 -0.00014662
-0.004 -0.002 -0.005 -0.00023402 -0.0011394 -0.00015879
-0.004 -0.002 -0.004 -0.00022599 -0.001124 -0.00011227
-0.004 -0.002 -0.003 -0.0002177 -0.0011054 -6.8349e-05
-0.004 -0.002 -0.002 -0.00020913 -0.0010836 -2.7018e-05
-0.004 -0.002 -0.001 -0.0002003 -0.0010587 1.1719e-05
-0.004 -0.002 0 -0.00019119 -0.0010306 4.7861e-05
-0.004 -0.002 0.001 -0.00018182 -0.00099926 8.141e-05
-0.004 -0.002 0.002 -0.00017218 -0.00096479 0.00011236
-0.004 -0.002 0.003 -0.00016226 -0.00092714 0.00014072
-0.004 -0.002 0.004 -0.00015208 -0.00088633 0.00016649
-0.004 -0.002 0.005 -0.00014163 -0.00084234 0.00018966
-0.004 -0.003 0.005 -0.0001276 -0.00078966 0.00015708
-0.004 -0.003 0.004 -0.00013602 -0.00082791 0.00013342
-0.004 -0.003 0.003 -0.00014433 -0.00086334 0.00010784
-0.004 -0.003 0.002 -0.00015254 -0.00089597 8.0328e-05
-0.004 -0.003 0.001 -0.00016064 -0.00092578 5.0895e-05
-0.004 -0.003 0 -0.00016864 -0.00095278 1.9539e-05
-0.004 -0.003 -0.001 -0.00017653 -0.00097696 -1.3742e-05
-0.004 -0.003 -0.002 -0.00018432 -0.00099833 -4.8947e-05
-0.004 -0.003 -0.003 -0.000192 -0.0010169 -8.6076e-05
-0.004 -0.003 -0.004 -0.00019957 -0.0010326 -0.00012513
-0.004 -0.003 -0.005 -0.00020703 -0.0010456 -0.00016611
-0.004 -0.004 -0.005 -0.00018669 -0.00096953 -0.00016856
-0.004 -0.004 -0.004 -0.00017888 -0.00095723 -0.0001325
-0.004 -0.004 -0.003 -0.00017124 -0.00094258 -9.7781e-05
-0.004 -0.004 -0.002 -0.00016375 -0.00092557 -6.4396e-05
-0.004 -0.004 -0.001 -0.00015642 -0.00090621 -3.2348e-05
-0.004 -0.004 0 -0.00014925 -0.0008845 -1.6364e-06
-0.004 -0.004 0.001 -0.00014223 -0.00086043 2.7738e-05
-0.004 -0.004 0.002 -0.00013538 -0.00083401 5.5776e-05
-0.004 -0.004 0.003 -0.00012868 -0.00080524 8.2477e-05
-0.004 -0.004 0.004 -0.00012215 -0.00077412 0.00010784
-0.004 -0.004 0.005 -0.00011577 -0.00074064 0.00013187
-0.004 -0.005 0.005 -0.00010613 -0.00069527 0.00011402
-0.004 -0.005 0.004 -0.00011046 -0.00072495 8.975e-05
-0.004 -0.005 0.003 -0.00011531 -0.00075284 6.4645e-05
-0.004 -0.005 0.002 -0.00012069 -0.00077893 3.8707e-05
-0.004 -0.005 0.001 -0.00012659 -0.00080323 1.1938e-05
-0.004 -0.005 0 -0.00013301 -0.00082573 -1.5664e-05
-0.004 -0.005 -0.001 -0.00013996 -0.00084644 -4.4098e-05
-0.004 -0.005 -0.002 -0.00014743 -0.00086534 -7.3364e-05
-0.004 -0.005 -0.003 -0.00015543 -0.00088246 -0.00010346
-0.004 -0.005 -0.004 -0.00016394 -0.00089777 -0.00013439
-0.004 -0.005 -0.005 -0.00017299 -0.00091129 -0.00016616
-0.003 -0.005 -0.005 -0.00012979 -0.00092938 -0.00016282
-0.003 -0.005 -0.004 -0.00012381 -0.00091546 -0.00012904
-0.003 -0.005 -0.003 -0.00011808 -0.0008996 -9.6487e-05
-0.003 -0.005 -0.002 -0.0001126 -0.0008818 -6.5174e-05
-0.003 -0.005 -0.001 -0.00010735 -0.00086206 -3.5096e-05
-0.003 -0.005 0 -0.00010235 -0.00084037 -6.2537e-06
-0.003 -0.005 0.001 -9.7594e-05 -0.00081675 2.1354e-05
-0.003 -0.005 0.002 -9.308e-05 -0.00079118 4.7726e-05
-0.003 -0.005 0.003 -8.8809e-05 -0.00076367 7.2863e-05
-0.003 -0.005 0.004 -8.4782e-05 -0.00073422 9.6765e-05
-0.003 -0.005 0.005 -8.0998e-05 -0.00070282 0.00011943
-0.003 -0.004 0.005 -8.8342e-05 -0.00075 0.00013798
-0.003 -0.004 0.004 -9.3566e-05 -0.00078486 0.00011498
-0.003 -0.004 0.003 -9.8794e-05 -0.00081729 9.0389e-05
-0.003 -0.004 0.002 -0.00010403 -0.0008473 6.4207e-05
-0.003 -0.004 0.001 -0.00010927 -0.00087488 3.6433e-05
-0.003 -0.004 0 -0.00011451 -0.00090003 7.0662e-06
-0.003 -0.004 -0.001 -0.00011976 -0.00092276 -2.3893e-05
-0.003 -0.004 -0.002 -0.00012501 -0.00094306 -5.6443e-05
-0.003 -0.004 -0.003 -0.00013027 -0.00096093 -9.0587e-05
-0.003 -0.004 -0.004 -0.00013553 -0.00097638 -0.00012632
-0.003 -0.004 -0.005 -0.00014079 -0.0009894 -0.00016365
-0.003 -0.003 -0.005 -0.00015668 -0.0010681 -0.00015948
-0.003 -0.003 -0.004 -0.00015149 -0.001054 -0.00011782
-0.003 -0.003 -0.003 -0.00014614 -0.0010372 -7.8223e-05
-0.003 -0.003 -0.002 -0.00014062 -0.0010175 -4.0696e-05
-0.003 -0.003 -0.001 -0.00013494 -0.00099498 -5.2372e-06
-0.003 -0.003 0 -0.00012909 -0.00096965 2.8155e-05
-0.003 -0.003 0.001 -0.00012308 -0.0009415 5.9479e-05
-0.003 -0.003 0.002 -0.0001169 -0.00091054 8.8737e-05
-0.003 -0.003 0.003 -0.00011056 -0.00087675 0.00011593
-0.003 -0.003 0.004 -0.00010405 -0.00084015 0.00014105
-0.003 -0.003 0.005 -9.7382e-05 -0.00080073 0.00016411
-0.003 -0.002 0.005 -0.00010812 -0.00085501 0.00019782
-0.003 -0.002 0.004 -0.00011625 -0.0009001 0.00017498
-0.003 -0.002 0.003 -0.00012411 -0.00094206 0.00014948
-0.003 -0.002 0.002 -0.00013171 -0.0009809 0.00012131
-0.003 -0.002 0.001 -0.00013904 -0.0010166 9.0494e-05
-0.003 -0.002 0 -0.0001461 -0.0010492 5.7012e-05
-0.003 -0.002 -0.001 -0.0001529 -0.0010787 2.087e-05
-0.003 -0.002 -0.002 -0.00015944 -0.0011051 -1.7933e-05
-0.003 -0.002 -0.003 -0.00016571 -0.0011283 -5.9395e-05
-0.003 -0.002 -0.004 -0.00017171 -0.0011484 -0.00010352
-0.003 -0.002 -0.005 -0.00017745 -0.0011654 -0.0001503
-0.003 -0.001 -0.005 -0.0002031 -0.0012815 -0.00013612
-0.003 -0.001 -0.004 -0.00019618 -0.0012596 -8.3429e-05
-0.003 -0.001 -0.003 -0.00018897 -0.0012344 -3.4105e-05
-0.003 -0.001 -0.002 -0.00018146 -0.0012058 1.1848e-05
-0.003 -0.001 -0.001 -0.00017365 -0.001174 5.4428e-05
-0.003 -0.001 0 -0.00016554 -0.0011388 9.3638e-05
-0.003 -0.001 0.001 -0.00015714 -0.0011002 0.00012948
-0.003 -0.001 0.002 -0.00014844 -0.0010584 0.00016194
-0.003 -0.001 0.003 -0.00013944 -0.0010132 0.00019104
-0.003 -0.001 0.004 -0.00013014 -0.00096469 0.00021676
-0.003 -0.001 0.005 -0.00012055 -0.00091285 0.00023911
-0.003 0 0.005 -0.00013468 -0.00097425 0.00028799
-0.003 0 0.004 -0.00014575 -0.0010339 0.0002664
-0.003 0 0.003 -0.00015655 -0.0010902 0.00024061
-0.003 0 0.002 -0.0001671 -0.001143 0.00021062
-0.003 0 0.001 -0.00017738 -0.0011924 0.00017642
-0.003 0 0 -0.00018741 -0.0012383 0.00013803
-0.003 0 -0.001 -0.00019717 -0.0012807 9.5439e-05
-0.003 0 -0.002 -0.00020668 -0.0013198 4.8644e-05
-0.003 0 -0.003 -0.00021592 -0.0013553 -2.3512e-06
-0.003 0 -0.004 -0.00022491 -0.0013875 -5.7547e-05
-0.003 0 -0.005 -0.00023363 -0.0014161 -0.00011694
-0.003 0.001 -0.005 -0.00026904 -0.0015695 -9.2762e-05
-0.003 0.001 -0.004 -0.00025788 -0.0015321 -2.5874e-05
-0.003 0.001 -0.003 -0.00024657 -0.0014912 3.5866e-05
-0.003 0.001 -0.002 -0.0002351 -0.0014469 9.2457e-05
-0.003 0.001 -0.001 -0.00022348 -0.001399 0.0001439
-0.003 0.001 0 -0.0002117 -0.0013477 0.0001902
-0.003 0.001 0.001 -0.00019977 -0.001293 0.00023134
-0.003 0.001 0.002 -0.00018769 -0.0012347 0.00026734
-0.003 0.001 0.003 -0.00017545 -0.001173 0.00029819
-0.003 0.001 0.004 -0.00016305 -0.0011078 0.00032389
-0.003 0.001 0.005 -0.00015051 -0.0010392 0.00034445
-0.003 0.002 0.005 -0.00016803 -0.0011077 0.00040849
-0.003 0.002 0.004 -0.00018206 -0.0011864 0.00038924
-0.003 0.002 0.003 -0.00019612 -0.0012617 0.00036378
-0.003 0.002 0.002 -0.0002102 -0.0013336 0.00033211
-0.003 0.002 0.001 -0.0002243 -0.0014021 0.00029423
-0.003 0.002 0 -0.00023842 -0.0014672 0.00025013
-0.003 0.002 -0.001 -0.00025256 -0.0015288 0.00019981
-0.003 0.002 -0.002 -0.00026672 -0.0015871 0.00014329
-0.003 0.002 -0.003 -0.00028091 -0.001642 8.0546e-05
-0.003 0.002 -0.004 -0.00029511 -0.0016934 1.1592e-05
-0.003 0.002 -0.005 -0.00030933 -0.0017415 -6.3576e-05
-0.003 0.003 -0.005 -0.00035451 -0.0019322 -2.9388e-05
-0.003 0.003 -0.004 -0.00033659 -0.0018715 5.485e-05
-0.003 0.003 -0.003 -0.00031894 -0.0018077 0.00013169
-0.003 0.003 -0.002 -0.00030155 -0.0017405 0.00020113
-0.003 0.003 -0.001 -0.00028443 -0.0016702 0.00026318
-0.003 0.003 0 -0.00026757 -0.0015966 0.00031783
-0.003 0.003 0.001 -0.00025097 -0.0015197 0.00036508
-0.003 0.003 0.002 -0.00023464 -0.0014396 0.00040493
-0.003 0.003 0.003 -0.00021858 -0.0013562 0.00043739
-0.003 0.003 0.004 -0.00020278 -0.0012696 0.00046245
-0.003 0.003 0.005 -0.00018724 -0.0011798 0.00048011
-0.003 0.004 0.005 -0.00020816 -0.0012554 0.00055932
-0.003 0.004 0.004 -0.0002252 -0.0013575 0.00054351
-0.003 0.004 0.003 -0.00024282 -0.0014566 0.00051901
-0.003 0.004 0.002 -0.00026101 -0.0015527 0.0004858
-0.003 0.004 0.001 -0.00027979 -0.0016458 0.0004439
-0.003 0.004 0 -0.00029914 -0.0017359 0.0003933
-0.003 0.004 -0.001 -0.00031907 -0.001823 0.000334
-0.003 0.004 -0.002 -0.00033958 -0.0019071 0.000266
-0.003 0.004 -0.003 -0.00036066 -0.0019883 0.0001893
-0.003 0.004 -0.004 -0.00038232 -0.0020664 0.0001039
-0.003 0.004 -0.005 -0.00040456 -0.0021415 9.8034e-06
-0.003 0.005 -0.005 -0.0004595 -0.0023695 5.3997e-05
-0.003 0.005 -0.004 -0.00043231 -0.002278 0.00015874
-0.003 0.005 -0.003 -0.00040608 -0.0021838 0.00025337
-0.003 0.005 -0.002 -0.00038081 -0.0020869 0.00033787
-0.003 0.005 -0.001 -0.00035649 -0.0019874 0.00041226
-0.003 0.005 0 -0.00033314 -0.0018852 0.00047653
-0.003 0.005 0.001 -0.00031075 -0.0017804 0.00053069
-0.003 0.005 0.002 -0.00028931 -0.0016729 0.00057472
-0.003 0.005 0.003 -0.00026884 -0.0015628 0.00060864
-0.003 0.005 0.004 -0.00024932 -0.00145 0.00063243
-0.003 0.005 0.005 -0.00023077 -0.0013345 0.00064611
-0.002 0.005 0.005 -0.00016039 -0.0013494 0.0006623
-0.002 0.005 0.004 -0.00017304 -0.0014678 0.00065061
-0.002 0.005 0.003 -0.00018622 -0.0015838 0.00062841
-0.002 0.005 0.002 -0.00019992 -0.0016972 0.00059569
-0.002 0.005 0.001 -0.00021415 -0.0018082 0.00055246
-0.002 0.005 0 -0.00022891 -0.0019168 0.00049872
-0.002 0.005 -0.001 -0.00024419 -0.0020228 0.00043447
-0.002 0.005 -0.002 -0.00026 -0.0021264 0.0003597
-0.002 0.005 -0.003 -0.00027634 -0.0022275 0.00027442
-0.002 0.005 -0.004 -0.0002932 -0.0023261 0.00017863
-0.002 0.005 -0.005 -0.00031058 -0.0024222 7.2328e-05
-0.002 0.004 -0.005 -0.00027398 -0.0021876 2.6276e-05
-0.002 0.004 -0.004 -0.00025971 -0.0021085 0.00012132
-0.002 0.004 -0.003 -0.00024574 -0.0020266 0.0002074
-0.002 0.004 -0.002 -0.00023207 -0.0019418 0.00028452
-0.002 0.004 -0.001 -0.00021868 -0.0018543 0.00035268
-0.002 0.004 0 -0.0002056 -0.0017639 0.00041189
-0.002 0.004 0.001 -0.0001928 -0.0016707 0.00046214
-0.002 0.004 0.002 -0.0001803 -0.0015746 0.00050343
-0.002 0.004 0.003 -0.0001681 -0.0014758 0.00053576
-0.002 0.004 0.004 -0.00015619 -0.0013741 0.00055913
-0.002 0.004 0.005 -0.00014457 -0.0012696 0.00057354
-0.002 0.003 0.005 -0.00012995 -0.0011934 0.00049253
-0.002 0.003 0.004 -0.00014055 -0.0012851 0.00047579
-0.002 0.003 0.003 -0.00015125 -0.0013738 0.00045149
-0.002 0.003 0.002 -0.00016205 -0.0014593 0.00041964
-0.002 0.003 0.001 -0.00017295 -0.0015418 0.00038024
-0.002 0.003 0 -0.00018396 -0.0016213 0.00033329
-0.002 0.003 -0.001 -0.00019507 -0.0016976 0.00027879
-0.002 0.003 -0.002 -0.00020629 -0.0017709 0.00021674
-0.002 0.003 -0.003 -0.0002176 -0.0018411 0.00014713
-0.002 0.003 -0.004 -0.00022902 -0.0019082 6.9982e-05
-0.002 0.003 -0.005 -0.00024054 -0.0019722 -1.472e-05
-0.002 0.002 -0.005 -0.00021027 -0.001776 -5.0663e-05
-0.002 0.002 -0.004 -0.00020112 -0.0017251 2.4631e-05
-0.002 0.002 -0.003 -0.00019192 -0.001671 9.3636e-05
-0.002 0.002 -0.002 -0.00018267 -0.0016135 0.00015635
-0.002 0.002 -0.001 -0.00017336 -0.0015529 0.00021278
-0.002 0.002 0 -0.00016401 -0.0014889 0.00026292
-0.002 0.002 0.001 -0.00015461 -0.0014218 0.00030677
-0.002 0.002 0.002 -0.00014516 -0.0013513 0.00034433
-0.002 0.002 0.003 -0.00013567 -0.0012777 0.0003756
-0.002 0.002 0.004 -0.00012612 -0.0012007 0.00040058
-0.002 0.002 0.005 -0.00011652 -0.0011206 0.00041928
-0.002 0.001 0.005 -0.0001043 -0.0010513 0.00035378
-0.002 0.001 0.004 -0.00011291 -0.0011211 0.00033352
-0.002 0.001 0.003 -0.00012136 -0.0011875 0.0003081
-0.002 0.001 0.002 -0.00012965 -0.0012507 0.0002775
-0.002 0.001 0.001 -0.00013778 -0.0013104 0.00024173
-0.002 0.001 0 -0.00014575 -0.0013669 0.00020078
-0.002 0.001 -0.001 -0.00015355 -0.00142 0.00015466
-0.002 0.001 -0.002 -0.0001612 -0.0014698 0.00010337
-0.002 0.001 -0.003 -0.00016868 -0.0015163 4.6902e-05
-0.002 0.001 -0.004 -0.00017601 -0.0015594 -1.4738e-05
-0.002 0.001 -0.005 -0.00018317 -0.0015992 -8.1551e-05
-0.002 0 -0.005 -0.00015924 -0.0014416 -0.00010738
-0.002 0 -0.004 -0.00015369 -0.001411 -4.8124e-05
-0.002 0 -0.003 -0.0001479 -0.001377 6.9316e-06
-0.002 0 -0.002 -0.00014189 -0.0013397 5.7783e-05
-0.002 0 -0.001 -0.00013564 -0.0012991 0.00010443
-0.002 0 0 -0.00012916 -0.0012552 0.00014687
-0.002 0 0.001 -0.00012245 -0.0012079 0.00018511
-0.002 0 0.002 -0.0001155 -0.0011573 0.00021915
-0.002 0 0.003 -0.00010832 -0.0011033 0.00024898
-0.002 0 0.004 -0.00010092 -0.001046 0.0002746
-0.002 0 0.005 -9.3273e-05 -0.00098541 0.00029602
-0.002 -0.001 0.005 -8.3447e-05 -0.00092305 0.00024603
-0.002 -0.001 0.004 -9.0136e-05 -0.00097567 0.00022382
-0.002 -0.001 0.003 -9.6562e-05 -0.001025 0.00019824
-0.002 -0.001 0.002 -0.00010272 -0.0010712 0.00016927
-0.002 -0.001 0.001 -0.00010862 -0.0011141 0.00013693
-0.002 -0.001 0 -0.00011426 -0.0011537 0.0001012
-0.002 -0.001 -0.001 -0.00011963 -0.0011901 6.2088e-05
-0.002 -0.001 -0.002 -0.00012473 -0.0012233 1.9597e-05
-0.002 -0.001 -0.003 -0.00012958 -0.0012532 -2.6275e-05
-0.002 -0.001 -0.004 -0.00013416 -0.0012798 -7.5529e-05
-0.002 -0.001 -0.005 -0.00013847 -0.0013033 -0.00012816
-0.002 -0.002 -0.005 -0.00012087 -0.0011842 -0.00014389
-0.002 -0.002 -0.004 -0.00011741 -0.001166 -9.6951e-05
-0.002 -0.002 -0.003 -0.0001137 -0.0011447 -5.2718e-05
-0.002 -0.002 -0.002 -0.00010973 -0.0011204 -1.1189e-05
-0.002 -0.002 -0.001 -0.00010551 -0.001093 2.7635e-05
-0.002 -0.002 0 -0.00010103 -0.0010625 6.3754e-05
-0.002 -0.002 0.001 -9.6302e-05 -0.001029 9.7168e-05
-0.002 -0.002 0.002 -9.1314e-05 -0.00099239 0.00012788
-0.002 -0.002 0.003 -8.6071e-05 -0.00095271 0.00015588
-0.002 -0.002 0.004 -8.0573e-05 -0.00090997 0.00018118
-0.002 -0.002 0.005 -7.482e-05 -0.00086416 0.00020378
-0.002 -0.003 0.005 -6.7392e-05 -0.00080874 0.00016928
-0.002 -0.003 0.004 -7.2225e-05 -0.00084893 0.00014668
-0.002 -0.003 0.003 -7.6852e-05 -0.00088632 0.00012191
-0.002 -0.003 0.002 -8.1273e-05 -0.00092091 9.4961e-05
-0.002 -0.003 0.001 -8.5487e-05 -0.00095269 6.5838e-05
-0.002 -0.003 0 -8.9495e-05 -0.00098166 3.4541e-05
-0.002 -0.003 -0.001 -9.3297e-05 -0.0010078 1.0692e-06
-0.002 -0.003 -0.002 -9.6892e-05 -0.0010312 -3.4577e-05
-0.002 -0.003 -0.003 -0.00010028 -0.0010517 -7.2396e-05
-0.002 -0.003 -0.004 -0.00010346 -0.0010695 -0.00011239
-0.002 -0.003 -0.005 -0.00010644 -0.0010844 -0.00015456
-0.002 -0.004 -0.005 -9.5175e-05 -0.0010039 -0.00016018
-0.002 -0.004 -0.004 -9.2303e-05 -0.00099026 -0.00012185
-0.002 -0.004 -0.003 -8.9313e-05 -0.00097415 -8.5311e-05
-0.002 -0.004 -0.002 -8.6206e-05 -0.00095558 -5.0565e-05
-0.002 -0.004 -0.001 -8.2981e-05 -0.00093455 -1.7608e-05
-0.002 -0.004 0 -7.9638e-05 -0.00091107 1.3559e-05
-0.002 -0.004 0.001 -7.6178e-05 -0.00088513 4.2936e-05
-0.002 -0.004 0.002 -7.2601e-05 -0.00085673 7.0522e-05
-0.002 -0.004 0.003 -6.8906e-05 -0.00082587 9.6319e-05
-0.002 -0.004 0.004 -6.5093e-05 -0.00079256 0.00012033
-0.002 -0.004 0.005 -6.1163e-05 -0.00075679 0.00014254
-0.002 -0.005 0.005 -5.6133e-05 -0.00070832 0.00012355
-0.002 -0.005 0.004 -5.9176e-05 -0.00074085 0.00010211
-0.002 -0.005 0.003 -6.2231e-05 -0.00077136 7.9111e-05
-0.002 -0.005 0.002 -6.5297e-05 -0.00079985 5.4562e-05
-0.002 -0.005 0.001 -6.8374e-05 -0.00082632 2.8461e-05
-0.002 -0.005 0 -7.1463e-05 -0.00085076 8.0835e-07
-0.002 -0.005 -0.001 -7.4563e-05 -0.00087319 -2.8397e-05
-0.002 -0.005 -0.002 -7.7675e-05 -0.00089359 -5.9153e-05
-0.002 -0.005 -0.003 -8.0798e-05 -0.00091197 -9.1463e-05
-0.002 -0.005 -0.004 -8.3932e-05 -0.00092833 -0.00012532
-0.002 -0.005 -0.005 -8.7078e-05 -0.00094267 -0.00016074
-0.001 -0.005 -0.005 -4.4853e-05 -0.00095114 -0.00015991
-0.001 -0.005 -0.004 -4.4297e-05 -0.00093636 -0.00012326
-0.001 -0.005 -0.003 -4.3568e-05 -0.00091955 -8.8388e-05
-0.001 -0.005 -0.002 -4.2667e-05 -0.0009007 -5.5302e-05
-0.001 -0.005 -0.001 -4.1594e-05 -0.00087982 -2.3999e-05
-0.001 -0.005 0 -4.0349e-05 -0.0008569 5.522e-06
-0.001 -0.005 0.001 -3.8932e-05 -0.00083194 3.326e-05
-0.001 -0.005 0.002 -3.7342e-05 -0.00080495 5.9215e-05
-0.001 -0.005 0.003 -3.5581e-05 -0.00077593 8.3387e-05
-0.001 -0.005 0.004 -3.3647e-05 -0.00074487 0.00010578
-0.001 -0.005 0.005 -3.1541e-05 -0.00071177 0.00012638
-0.001 -0.004 0.005 -3.4228e-05 -0.00076103 0.00014556
-0.001 -0.004 0.004 -3.6727e-05 -0.00079723 0.00012388
-0.001 -0.004 0.003 -3.9017e-05 -0.00083099 0.00010027
-0.001 -0.004 0.002 -4.1099e-05 -0.00086231 7.4721e-05
-0.001 -0.004 0.001 -4.2972e-05 -0.00089118 4.7246e-05
-0.001 -0.004 0 -4.4637e-05 -0.00091761 1.7842e-05
-0.001 -0.004 -0.001 -4.6093e-05 -0.00094159 -1.3494e-05
-0.001 -0.004 -0.002 -4.734e-05 -0.00096312 -4.6759e-05
-0.001 -0.004 -0.003 -4.8379e-05 -0.00098221 -8.1955e-05
-0.001 -0.004 -0.004 -4.921e-05 -0.00099886 -0.00011908
-0.001 -0.004 -0.005 -4.9832e-05 -0.0010131 -0.00015814
-0.001 -0.003 -0.005 -5.631e-05 -0.0010946 -0.00015135
-0.001 -0.003 -0.004 -5.5479e-05 -0.001079 -0.00010885
-0.001 -0.003 -0.003 -5.4417e-05 -0.0010606 -6.8597e-05
-0.001 -0.003 -0.002 -5.3125e-05 -0.0010394 -3.0588e-05
-0.001 -0.003 -0.001 -5.1602e-05 -0.0010155 5.1769e-06
-0.001 -0.003 0 -4.9849e-05 -0.0009888 3.8696e-05
-0.001 -0.003 0.001 -4.7865e-05 -0.00095933 6.9971e-05
-0.001 -0.003 0.002 -4.565e-05 -0.00092708 9.9e-05
-0.001 -0.003 0.003 -4.3206e-05 -0.00089206 0.00012578
-0.001 -0.003 0.004 -4.053e-05 -0.00085426 0.00015032
-0.001 -0.003 0.005 -3.7624e-05 -0.0008137 0.00017262
-0.001 -0.002 0.005 -4.173e-05 -0.00086977 0.00020755
-0.001 -0.002 0.004 -4.5057e-05 -0.00091595 0.00018511
-0.001 -0.002 0.003 -4.8146e-05 -0.00095911 0.00015994
-0.001 -0.002 0.002 -5.0997e-05 -0.00099925 0.00013205
-0.001 -0.002 0.001 -5.3609e-05 -0.0010364 0.00010143
-0.001 -0.002 0 -5.5984e-05 -0.0010705 6.8087e-05
-0.001 -0.002 -0.001 -5.8121e-05 -0.0011016 3.2013e-05
-0.001 -0.002 -0.002 -6.002e-05 -0.0011296 -6.7875e-06
-0.001 -0.002 -0.003 -6.1681e-05 -0.0011547 -4.8315e-05
-0.001 -0.002 -0.004 -6.3104e-05 -0.0011767 -9.257e-05
-0.001 -0.002 -0.005 -6.4289e-05 -0.0011958 -0.00013955
-0.001 -0.001 -0.005 -7.3767e-05 -0.0013165 -0.00012274
-0.001 -0.001 -0.004 -7.2085e-05 -0.0012921 -7.0234e-05
-0.001 -0.001 -0.003 -7.0171e-05 -0.0012645 -2.1108e-05
-0.001 -0.001 -0.002 -6.8026e-05 -0.0012337 2.4641e-05
-0.001 -0.001 -0.001 -6.5651e-05 -0.0011998 6.7015e-05
-0.001 -0.001 0 -6.3044e-05 -0.0011626 0.00010601
-0.001 -0.001 0.001 -6.0206e-05 -0.0011223 0.00014163
-0.001 -0.001 0.002 -5.7137e-05 -0.0010788 0.00017388
-0.001 -0.001 0.003 -5.3837e-05 -0.0010322 0.00020275
-0.001 -0.001 0.004 -5.0306e-05 -0.0009823 0.00022824
-0.001 -0.001 0.005 -4.6544e-05 -0.00092927 0.00025036
-0.001 0 0.005 -5.2068e-05 -0.00099217 0.00030104
-0.001 0 0.004 -5.6279e-05 -0.0010533 0.00027971
-0.001 0 0.003 -6.0281e-05 -0.0011112 0.00025419
-0.001 0 0.002 -6.4073e-05 -0.0011658 0.00022448
-0.001 0 0.001 -6.7655e-05 -0.0012172 0.00019057
-0.001 0 0 -7.1027e-05 -0.0012653 0.00015247
-0.001 0 -0.001 -7.419e-05 -0.0013101 0.00011018
-0.001 0 -0.002 -7.7144e-05 -0.0013517 6.3699e-05
-0.001 0 -0.003 -7.9887e-05 -0.0013901 1.3023e-05
-0.001 0 -0.004 -8.2421e-05 -0.0014251 -4.1846e-05
-0.001 0 -0.005 -8.4746e-05 -0.001457 -0.00010091
-0.001 0.001 -0.005 -9.7224e-05 -0.001617 -7.4062e-05
-0.001 0.001 -0.004 -9.4114e-05 -0.0015758 -7.4034e-06
-0.001 0.001 -0.003 -9.083e-05 -0.0015313 5.4079e-05
-0.001 0.001 -0.002 -8.7372e-05 -0.0014836 0.00011039
-0.001 0.001 -0.001 -8.374e-05 -0.0014327 0.00016152
-0.001 0.001 0 -7.9935e-05 -0.0013784 0.00020747
-0.001 0.001 0.001 -7.5956e-05 -0.001321 0.00024825
-0.001 0.001 0.002 -7.1803e-05 -0.0012602 0.00028385
-0.001 0.001 0.003 -6.7476e-05 -0.0011962 0.00031428
-0.001 0.001 0.004 -6.2976e-05 -0.001129 0.00033953
-0.001 0.001 0.005 -5.8302e-05 -0.0010585 0.0003596
-0.001 0.002 0.005 -6.5244e-05 -0.0011282 0.00042603
-0.001 0.002 0.004 -7.0395e-05 -0.0012093 0.00040768
-0.001 0.002 0.003 -7.5423e-05 -0.0012873 0.000383
-0.001 0.002 0.002 -8.0328e-05 -0.001362 0.00035199
-0.001 0.002 0.001 -8.5109e-05 -0.0014336 0.00031466
-0.001 0.002 0 -8.9766e-05 -0.001502 0.000271
-0.001 0.002 -0.001 -9.43e-05 -0.0015673 0.00022101
-0.001 0.002 -0.002 -9.8711e-05 -0.0016294 0.0001647
-0.001 0.002 -0.003 -0.000103 -0.0016883 0.00010206
-0.001 0.002 -0.004 -0.00010716 -0.0017441 3.3092e-05
-0.001 0.002 -0.005 -0.0001112 -0.0017966 -4.2202e-05
-0.001 0.003 -0.005 -0.00012668 -0.0019959 -5.3279e-06
-0.001 0.003 -0.004 -0.00012157 -0.00193 7.9641e-05
-0.001 0.003 -0.003 -0.00011639 -0.001861 0.00015696
-0.001 0.003 -0.002 -0.00011116 -0.0017891 0.00022664
-0.001 0.003 -0.001 -0.00010587 -0.0017141 0.00028868
-0.001 0.003 0 -0.00010052 -0.0016361 0.00034307
-0.001 0.003 0.001 -9.5114e-05 -0.0015552 0.00038981
-0.001 0.003 0.002 -8.9647e-05 -0.0014712 0.00042891
-0.001 0.003 0.003 -8.4122e-05 -0.0013843 0.00046037
-0.001 0.003 0.004 -7.8538e-05 -0.0012943 0.00048418
-0.001 0.003 0.005 -7.2896e-05 -0.0012013 0.00050035
-0.001 0.004 0.005 -8.1257e-05 -0.0012779 0.00058253
-0.001 0.004 0.004 -8.7404e-05 -0.001384 0.00056902
-0.001 0.004 0.003 -9.3572e-05 -0.0014873 0.00054638
-0.001 0.004 0.002 -9.9761e-05 -0.0015878 0.00051461
-0.001 0.004 0.001 -0.00010597 -0.0016857 0.0004737
-0.001 0.004 0 -0.0001122 -0.0017807 0.00042367
-0.001 0.004 -0.001 -0.00011845 -0.0018731 0.00036451
-0.001 0.004 -0.002 -0.00012472 -0.0019626 0.00029622
-0.001 0.004 -0.003 -0.00013101 -0.0020494 0.00021879
-0.001 0.004 -0.004 -0.00013733 -0.0021335 0.00013224
-0.001 0.004 -0.005 -0.00014366 -0.0022148 3.6561e-05
-0.001 0.005 -0.005 -0.00016214 -0.0024533 8.3465e-05
-0.001 0.005 -0.004 -0.00015444 -0.0023547 0.0001909
-0.001 0.005 -0.003 -0.00014686 -0.0022536 0.00028755
-0.001 0.005 -0.002 -0.00013939 -0.0021501 0.00037342
-0.001 0.005 -0.001 -0.00013204 -0.0020441 0.0004485
-0.001 0.005 0 -0.0001248 -0.0019358 0.00051281
-0.001 0.005 0.001 -0.00011768 -0.001825 0.00056633
-0.001 0.005 0.002 -0.00011067 -0.0017119 0.00060907
-0.001 0.005 0.003 -0.00010377 -0.0015963 0.00064103
-0.001 0.005 0.004 -9.6994e-05 -0.0014783 0.0006622
-0.001 0.005 0.005 -9.0327e-05 -0.0013579 0.0006726
0 0.005 0.005 -2.0568e-05 -0.0013601 0.000677
0 0.005 0.004 -2.1173e-05 -0.0014814 0.00066721
0 0.005 0.003 -2.15e-05 -0.0016004 0.0006465
0 0.005 0.002 -2.1552e-05 -0.0017168 0.00061486
0 0.005 0.001 -2.1326e-05 -0.0018308 0.00057229
0 0.005 0 -2.0824e-05 -0.0019423 0.00051879
0 0.005 -0.001 -2.0045e-05 -0.0020513 0.00045437
0 0.005 -0.002 -1.899e-05 -0.0021579 0.00037902
0 0.005 -0.003 -1.7657e-05 -0.002262 0.00029274
0 0.005 -0.004 -1.6048e-05 -0.0023636 0.00019554
0 0.005 -0.005 -1.4163e-05 -0.0024628 8.7409e-05
0 0.004 -0.005 -1.3602e-05 -0.0022232 4.0658e-05
0 0.004 -0.004 -1.5161e-05 -0.0021414 0.00013668
0 0.004 -0.003 -1.6476e-05 -0.0020569 0.00022349
0 0.004 -0.002 -1.7547e-05 -0.0019695 0.00030109
0 0.004 -0.001 -1.8374e-05 -0.0018794 0.00036947
0 0.004 0 -1.8957e-05 -0.0017865 0.00042864
0 0.004 0.001 -1.9296e-05 -0.0016908 0.0004786
0 0.004 0.002 -1.9392e-05 -0.0015923 0.00051934
0 0.004 0.003 -1.9243e-05 -0.0014911 0.00055087
0 0.004 0.004 -1.8851e-05 -0.001387 0.00057319
0 0.004 0.005 -1.8215e-05 -0.0012802 0.0005863
0 0.003 0.005 -1.6089e-05 -0.0012037 0.00050355
0 0.003 0.004 -1.6757e-05 -0.0012972 0.00048763
0 0.003 0.003 -1.7207e-05 -0.0013878 0.00046404
0 0.003 0.002 -1.7438e-05 -0.0014753 0.00043276
0 0.003 0.001 -1.7449e-05 -0.0015597 0.0003938
0 0.003 0 -1.7242e-05 -0.0016412 0.00034717
0 0.003 -0.001 -1.6816e-05 -0.0017197 0.00029285
0 0.003 -0.002 -1.6171e-05 -0.0017951 0.00023086
0 0.003 -0.003 -1.5306e-05 -0.0018675 0.00016118
0 0.003 -0.004 -1.4223e-05 -0.001937 8.3825e-05
0 0.003 -0.005 -1.2921e-05 -0.0020034 -1.2098e-06
0 0.002 -0.005 -1.2119e-05 -0.0018033 -3.8194e-05
0 0.002 -0.004 -1.3235e-05 -0.0017502 3.6975e-05
0 0.002 -0.003 -1.4149e-05 -0.001694 0.00010582
0 0.002 -0.002 -1.4861e-05 -0.0016347 0.00016833
0 0.002 -0.001 -1.5372e-05 -0.0015722 0.00022452
0 0.002 0 -1.568e-05 -0.0015065 0.00027437
0 0.002 0.001 -1.5786e-05 -0.0014376 0.00031791
0 0.002 0.002 -1.5689e-05 -0.0013656 0.00035511
0 0.002 0.003 -1.5391e-05 -0.0012905 0.00038599
0 0.002 0.004 -1.4891e-05 -0.0012121 0.00041053
0 0.002 0.005 -1.4188e-05 -0.0011306 0.00042876
0 0.001 0.005 -1.2514e-05 -0.0010609 0.00036192
0 0.001 0.004 -1.3252e-05 -0.0011316 0.0003419
0 0.001 0.003 -1.3796e-05 -0.0011991 0.00031672
0 0.001 0.002 -1.4147e-05 -0.0012634 0.00028639
0 0.001 0.001 -1.4305e-05 -0.0013245 0.00025091
0 0.001 0 -1.427e-05 -0.0013823 0.00021026
0 0.001 -0.001 -1.4041e-05 -0.0014369 0.00016446
0 0.001 -0.002 -1.3619e-05 -0.0014882 0.00011351
0 0.001 -0.003 -1.3005e-05 -0.0015363 5.7397e-05
0 0.001 -0.004 -1.2196e-05 -0.0015812 -3.8705e-06
0 0.001 -0.005 -1.1195e-05 -0.0016229 -7.0294e-05
0 0 -0.005 -1.0151e-05 -0.0014622 -9.751e-05
0 0 -0.004 -1.1108e-05 -0.00143 -3.8711e-05
0 0 -0.003 -1.1872e-05 -0.0013945 1.5923e-05
0 0 -0.002 -1.2444e-05 -0.0013558 6.6391e-05
0 0 -0.001 -1.2824e-05 -0.0013138 0.00011269
0 0 0 -1.3012e-05 -0.0012687 0.00015483
0 0 0.001 -1.3007e-05 -0.0012203 0.0001928
0 0 0.002 -1.281e-05 -0.0011687 0.00022661
0 0 0.003 -1.2421e-05 -0.0011138 0.00025625
0 0 0.004 -1.184e-05 -0.0010558 0.00028172
0 0 0.005 -1.1066e-05 -0.0009945 0.00030303
0 -0.001 0.005 -9.8448e-06 -0.0009315 0.0002521
0 -0.001 0.004 -1.0656e-05 -0.00098459 0.00023001
0 -0.001 0.003 -1.1267e-05 -0.0010345 0.00020456
0 -0.001 0.002 -1.168e-05 -0.0010814 0.00017576
0 -0.001 0.001 -1.1893e-05 -0.001125 0.0001436
0 -0.001 0 -1.1907e-05 -0.0011656 0.00010808
0 -0.001 -0.001 -1.1721e-05 -0.001203 6.9208e-05
0 -0.001 -0.002 -1.1336e-05 -0.0012373 2.6979e-05
0 -0.001 -0.003 -1.0752e-05 -0.0012684 -1.8605e-05
0 -0.001 -0.004 -9.9685e-06 -0.0012964 -6.7546e-05
0 -0.001 -0.005 -8.9857e-06 -0.0013213 -0.00011984
0 -0.002 -0.005 -7.6995e-06 -0.0012001 -0.00013729
0 -0.002 -0.004 -8.779e-06 -0.0011806 -9.0376e-05
0 -0.002 -0.003 -9.6441e-06 -0.0011582 -4.6188e-05
0 -0.002 -0.002 -1.0295e-05 -0.0011328 -4.7276e-06
0 -0.002 -0.001 -1.0731e-05 -0.0011044 3.4005e-05
0 -0.002 0 -1.0954e-05 -0.0010731 7.0011e-05
0 -0.002 0.001 -1.0961e-05 -0.0010388 0.00010329
0 -0.002 0.002 -1.0755e-05 -0.0010015 0.00013384
0 -0.002 0.003 -1.0334e-05 -0.00096125 0.00016166
0 -0.002 0.004 -9.6989e-06 -0.00091804 0.00018676
0 -0.002 0.005 -8.8494e-06 -0.00087186 0.00020913
0 -0.003 0.005 -8.0803e-06 -0.0008156 0.00017411
0 -0.003 0.004 -8.9695e-06 -0.00085613 0.00015197
0 -0.003 0.003 -9.6213e-06 -0.00089395 0.00012755
0 -0.003 0.002 -1.0036e-05 -0.00092905 0.00010085
0 -0.003 0.001 -1.0213e-05 -0.00096143 7.1879e-05
0 -0.003 0 -1.0153e-05 -0.00099109 4.0622e-05
0 -0.003 -0.001 -9.8554e-06 -0.001018 7.0861e-06
0 -0.003 -0.002 -9.3206e-06 -0.0010422 -2.873e-05
0 -0.003 -0.003 -8.5485e-06 -0.0010637 -6.6826e-05
0 -0.003 -0.004 -7.5391e-06 -0.0010825 -0.0001072
0 -0.003 -0.005 -6.2923e-06 -0.0010986 -0.00014986
0 -0.004 -0.005 -4.7642e-06 -0.0010168 -0.00015754
0 -0.004 -0.004 -6.2489e-06 -0.0010022 -0.00011802
0 -0.004 -0.003 -7.4652e-06 -0.00098514 -8.0518e-05
0 -0.004 -0.002 -8.4133e-06 -0.0009657 -4.5027e-05
0 -0.004 -0.001 -9.0931e-06 -0.00094387 -1.155e-05
0 -0.004 0 -9.5046e-06 -0.00091966 1.9914e-05
0 -0.004 0.001 -9.6478e-06 -0.00089305 4.9365e-05
0 -0.004 0.002 -9.5226e-06 -0.00086404 7.6803e-05
0 -0.004 0.003 -9.1292e-06 -0.00083265 0.00010223
0 -0.004 0.004 -8.4675e-06 -0.00079887 0.00012564
0 -0.004 0.005 -7.5374e-06 -0.0007627 0.00014704
0 -0.005 0.005 -7.2208e-06 -0.00071317 0.00012793
0 -0.005 0.004 -8.1929e-06 -0.00074625 0.00010777
0 -0.005 0.003 -8.8577e-06 -0.00077736 8.5693e-05
0 -0.005 0.002 -9.2153e-06 -0.00080648 6.1685e-05
0 -0.005 0.001 -9.2656e-06 -0.00083362 3.575e-05
0 -0.005 0 -9.0087e-06 -0.00085877 7.8872e-06
0 -0.005 -0.001 -8.4445e-06 -0.00088195 -2.1903e-05
0 -0.005 -0.002 -7.573e-06 -0.00090314 -5.362e-05
0 -0.005 -0.003 -6.3943e-06 -0.00092235 -8.7265e-05
0 -0.005 -0.004 -4.9083e-06 -0.00093957 -0.00012284
0 -0.005 -0.005 -3.115e-06 -0.00095481 -0.00016034
0.001 -0.005 -0.005 3.8137e-05 -0.00095368 -0.00016202
0.001 -0.005 -0.004 3.4233e-05 -0.00093795 -0.00012406
0.001 -0.005 -0.003 3.0723e-05 -0.00092036 -8.8092e-05
0.001 -0.005 -0.002 2.7608e-05 -0.00090091 -5.4107e-05
0.001 -0.005 -0.001 2.4886e-05 -0.00087959 -2.2109e-05
0.001 -0.005 0 2.2558e-05 -0.0008564 7.9041e-06
0.001 -0.005 0.001 2.0624e-05 -0.00083135 3.5931e-05
0.001 -0.005 0.002 1.9084e-05 -0.00080444 6.1972e-05
0.001 -0.005 0.003 1.7938e-05 -0.00077566 8.6028e-05
0.001 -0.005 0.004 1.7185e-05 -0.00074501 0.0001081
0.001 -0.005 0.005 1.6827e-05 -0.0007125 0.00012818
0.001 -0.004 0.005 1.8909e-05 -0.0007618 0.00014697
0.001 -0.004 0.004 1.9685e-05 -0.00079747 0.00012561
0.001 -0.004 0.003 2.0758e-05 -0.00083085 0.00010221
0.001 -0.004 0.002 2.2128e-05 -0.00086193 7.677e-05
0.001 -0.004 0.001 2.3795e-05 -0.00089072 4.9293e-05
0.001 -0.004 0 2.5759e-05 -0.00091721 1.9777e-05
0.001 -0.004 -0.001 2.8019e-05 -0.00094141 -1.1777e-05
0.001 -0.004 -0.002 3.0576e-05 -0.00096331 -4.5369e-05
0.001 -0.004 -0.003 3.343e-05 -0.00098292 -8.1e-05
0.001 -0.004 -0.004 3.658e-05 -0.0010002 -0.00011867
0.001 -0.004 -0.005 4.0027e-05 -0.0010153 -0.00015838
0.001 -0.003 -0.005 4.3613e-05 -0.0010964 -0.00015007
0.001 -0.003 -0.004 4.0356e-05 -0.0010801 -0.00010744
0.001 -0.003 -0.003 3.7324e-05 -0.0010612 -6.7081e-05
0.001 -0.003 -0.002 3.452e-05 -0.0010396 -2.9003e-05
0.001 -0.003 -0.001 3.1943e-05 -0.0010154 6.7967e-06
0.001 -0.003 0 2.9592e-05 -0.0009885 4.0318e-05
0.001 -0.003 0.001 2.7468e-05 -0.00095898 7.1561e-05
0.001 -0.003 0.002 2.5571e-05 -0.00092682 0.00010053
0.001 -0.003 0.003 2.39e-05 -0.000892 0.00012721
0.001 -0.003 0.004 2.2457e-05 -0.00085454 0.00015162
0.001 -0.003 0.005 2.124e-05 -0.00081444 0.00017375
0.001 -0.002 0.005 2.3821e-05 -0.00087042 0.00020851
0.001 -0.002 0.004 2.55e-05 -0.00091623 0.00018613
0.001 -0.002 0.003 2.7364e-05 -0.00095912 0.00016104
0.001 -0.002 0.002 2.9411e-05 -0.0009991 0.00013324
0.001 -0.002 0.001 3.1642e-05 -0.0010361 0.00010274
0.001 -0.002 0 3.4058e-05 -0.0010703 6.9526e-05
0.001 -0.002 -0.001 3.6657e-05 -0.0011015 3.3611e-05
0.001 -0.002 -0.002 3.9441e-05 -0.0011298 -5.0095e-06
0.001 -0.002 -0.003 4.2408e-05 -0.0011552 -4.6336e-05
0.001 -0.002 -0.004 4.556e-05 -0.0011776 -9.0369e-05
0.001 -0.002 -0.005 4.8895e-05 -0.0011972 -0.00013711
0.001 -0.001 -0.005 5.5873e-05 -0.0013175 -0.00011948
0.001 -0.001 -0.004 5.2192e-05 -0.0012927 -6.7464e-05
0.001 -0.001 -0.003 4.8681e-05 -0.0012648 -1.8765e-05
0.001 -0.001 -0.002 4.5337e-05 -0.0012339 2.6612e-05
0.001 -0.001 -0.001 4.2162e-05 -0.0011998 6.8668e-05
0.001 -0.001 0 3.9156e-05 -0.0011625 0.0001074
0.001 -0.001 0.001 3.6318e-05 -0.0011222 0.00014282
0.001 -0.001 0.002 3.3649e-05 -0.0010788 0.00017491
0.001 -0.001 0.003 3.1148e-05 -0.0010322 0.00020368
0.001 -0.001 0.004 2.8816e-05 -0.00098254 0.00022913
0.001 -0.001 0.005 2.6652e-05 -0.00092975 0.00025126
0.001 0 0.005 2.9733e-05 -0.00099243 0.000302
0.001 0 0.004 3.2403e-05 -0.0010535 0.00028064
0.001 0 0.003 3.5254e-05 -0.0011113 0.00025515
0.001 0 0.002 3.8285e-05 -0.0011658 0.00022554
0.001 0 0.001 4.1496e-05 -0.0012172 0.0001918
0.001 0 0 4.4887e-05 -0.0012653 0.00015395
0.001 0 -0.001 4.8458e-05 -0.0013102 0.00011197
0.001 0 -0.002 5.221e-05 -0.0013518 6.586e-05
0.001 0 -0.003 5.6142e-05 -0.0013902 1.5632e-05
0.001 0 -0.004 6.0254e-05 -0.0014254 -3.872e-05
0.001 0 -0.005 6.4546e-05 -0.0014574 -9.7195e-05
0.001 0.001 -0.005 7.4914e-05 -0.0016169 -7.0247e-05
0.001 0.001 -0.004 6.9743e-05 -0.0015757 -4.1392e-06
0.001 0.001 -0.003 6.4792e-05 -0.0015313 5.6855e-05
0.001 0.001 -0.002 6.0059e-05 -0.0014837 0.00011274
0.001 0.001 -0.001 5.5545e-05 -0.0014327 0.0001635
0.001 0.001 0 5.1251e-05 -0.0013785 0.00020916
0.001 0.001 0.001 4.7175e-05 -0.001321 0.0002497
0.001 0.001 0.002 4.3319e-05 -0.0012603 0.00028513
0.001 0.001 0.003 3.9681e-05 -0.0011963 0.00031544
0.001 0.001 0.004 3.6263e-05 -0.001129 0.00034064
0.001 0.001 0.005 3.3064e-05 -0.0010584 0.00036073
0.001 0.002 0.005 3.6644e-05 -0.0011278 0.00042744
0.001 0.002 0.004 4.0394e-05 -0.0012092 0.00040914
0.001 0.002 0.003 4.443e-05 -0.0012873 0.00038455
0.001 0.002 0.002 4.875e-05 -0.0013622 0.00035367
0.001 0.002 0.001 5.3356e-05 -0.0014338 0.0003165
0.001 0.002 0 5.8247e-05 -0.0015022 0.00027304
0.001 0.002 -0.001 6.3423e-05 -0.0015674 0.00022328
0.001 0.002 -0.002 6.8884e-05 -0.0016294 0.00016724
0.001 0.002 -0.003 7.463e-05 -0.0016881 0.00010491
0.001 0.002 -0.004 8.0662e-05 -0.0017436 3.6279e-05
0.001 0.002 -0.005 8.6979e-05 -0.0017959 -3.8637e-05
0.001 0.003 -0.005 0.00010074 -0.0019946 -2.3662e-06
0.001 0.003 -0.004 9.3009e-05 -0.0019292 8.2535e-05
0.001 0.003 -0.003 8.5658e-05 -0.0018606 0.00015978
0.001 0.003 -0.002 7.8685e-05 -0.001789 0.00022937
0.001 0.003 -0.001 7.2091e-05 -0.0017143 0.00029131
0.001 0.003 0 6.5875e-05 -0.0016364 0.00034558
0.001 0.003 0.001 6.0038e-05 -0.0015555 0.00039221
0.001 0.003 0.002 5.4579e-05 -0.0014714 0.00043118
0.001 0.003 0.003 4.9499e-05 -0.0013842 0.00046249
0.001 0.003 0.004 4.4798e-05 -0.0012939 0.00048614
0.001 0.003 0.005 4.0474e-05 -0.0012005 0.00050214
0.001 0.004 0.005 4.4555e-05 -0.0012766 0.00058483
0.001 0.004 0.004 4.9473e-05 -0.0013833 0.00057164
0.001 0.004 0.003 5.489e-05 -0.0014871 0.00054924
0.001 0.004 0.002 6.0806e-05 -0.001588 0.00051764
0.001 0.004 0.001 6.7222e-05 -0.001686 0.00047682
0.001 0.004 0 7.4136e-05 -0.0017811 0.0004268
0.001 0.004 -0.001 8.155e-05 -0.0018733 0.00036757
0.001 0.004 -0.002 8.9462e-05 -0.0019625 0.00029913
0.001 0.004 -0.003 9.7874e-05 -0.0020489 0.00022148
0.001 0.004 -0.004 0.00010678 -0.0021323 0.00013463
0.001 0.004 -0.005 0.00011619 -0.0022128 3.8566e-05
0.001 0.005 -0.005 0.00013335 -0.0024506 8.416e-05
0.001 0.005 -0.004 0.00012199 -0.002353 0.00019256
0.001 0.005 -0.003 0.00011128 -0.0022528 0.00029001
0.001 0.005 -0.002 0.00010122 -0.0021499 0.00037652
0.001 0.005 -0.001 9.1799e-05 -0.0020444 0.00045207
0.001 0.005 0 8.303e-05 -0.0019363 0.00051668
0.001 0.005 0.001 7.4907e-05 -0.0018255 0.00057034
0.001 0.005 0.002 6.7431e-05 -0.0017121 0.00061306
0.001 0.005 0.003 6.0602e-05 -0.001596 0.00064482
0.001 0.005 0.004 5.442e-05 -0.0014773 0.00066564
0.001 0.005 0.005 4.8885e-05 -0.001356 0.00067551
0.002 0.005 0.005 0.00011803 -0.0013456 0.00066813
0.002 0.005 0.004 0.00012978 -0.0014659 0.00065748
0.002 0.005 0.003 0.00014253 -0.0015832 0.000636
0.002 0.005 0.002 0.00015628 -0.0016976 0.00060366
0.002 0.005 0.001 0.00017102 -0.0018092 0.00056049
0.002 0.005 0 0.00018676 -0.0019177 0.00050647
0.002 0.005 -0.001 0.00020349 -0.0020234 0.00044161
0.002 0.005 -0.002 0.00022122 -0.0021261 0.0003659
0.002 0.005 -0.003 0.00023995 -0.0022259 0.00027935
0.002 0.005 -0.004 0.00025967 -0.0023228 0.00018196
0.002 0.005 -0.005 0.00028038 -0.0024168 7.3717e-05
0.002 0.004 -0.005 0.00024573 -0.0021835 3.0286e-05
0.002 0.004 -0.004 0.00022851 -0.0021061 0.00012609
0.002 0.004 -0.003 0.00021203 -0.0020254 0.00021278
0.002 0.004 -0.002 0.0001963 -0.0019417 0.00029035
0.002 0.004 -0.001 0.00018132 -0.0018547 0.00035881
0.002 0.004 0 0.00016708 -0.0017646 0.00041815
0.002 0.004 0.001 0.00015358 -0.0016714 0.00046838
0.002 0.004 0.002 0.00014083 -0.001575 0.00050949
0.002 0.004 0.003 0.00012883 -0.0014755 0.00054149
0.002 0.004 0.004 0.00011757 -0.0013728 0.00056437
0.002 0.004 0.005 0.00010705 -0.001267 0.00057814
0.002 0.003 0.005 9.6793e-05 -0.0011917 0.00049613
0.002 0.003 0.004 0.00010613 -0.0012843 0.00047971
0.002 0.003 0.003 0.000116 -0.0013737 0.00045572
0.002 0.003 0.002 0.0001264 -0.0014597 0.00042416
0.002 0.003 0.001 0.00013735 -0.0015424 0.00038503
0.002 0.003 0 0.00014883 -0.0016218 0.00033832
0.002 0.003 -0.001 0.00016085 -0.001698 0.00028404
0.002 0.003 -0.002 0.00017341 -0.0017708 0.00022219
0.002 0.003 -0.003 0.0001865 -0.0018403 0.00015277
0.002 0.003 -0.004 0.00020013 -0.0019066 7.5772e-05
0.002 0.003 -0.005 0.0002143 -0.0019695 -8.7972e-06
0.002 0.002 -0.005 0.00018609 -0.0017746 -4.3533e-05
0.002 0.002 -0.004 0.00017453 -0.0017243 3.1006e-05
0.002 0.002 -0.003 0.00016334 -0.0016706 9.9328e-05
0.002 0.002 -0.002 0.00015252 -0.0016136 0.00016143
0.002 0.002 -0.001 0.00014208 -0.0015531 0.00021732
0.002 0.002 0 0.00013201 -0.0014893 0.00026699
0.002 0.002 0.001 0.00012232 -0.0014221 0.00031045
0.002 0.002 0.002 0.00011299 -0.0013516 0.00034768
0.002 0.002 0.003 0.00010404 -0.0012777 0.00037871
0.002 0.002 0.004 9.546e-05 -0.0012004 0.00040351
0.002 0.002 0.005 8.7253e-05 -0.0011198 0.0004221
0.002 0.001 0.005 7.8432e-05 -0.0010512 0.00035604
0.002 0.001 0.004 8.5568e-05 -0.0011211 0.00033576
0.002 0.001 0.003 9.2955e-05 -0.0011876 0.00031043
0.002 0.001 0.002 0.00010059 -0.0012508 0.00028005
0.002 0.001 0.001 0.00010848 -0.0013106 0.00024463
0.002 0.001 0 0.00011663 -0.0013671 0.00020416
0.002 0.001 -0.001 0.00012502 -0.0014202 0.00015864
0.002 0.001 -0.002 0.00013366 -0.0014699 0.00010807
0.002 0.001 -0.003 0.00014256 -0.0015163 5.2455e-05
0.002 0.001 -0.004 0.00015171 -0.0015593 -8.2093e-06
0.002 0.001 -0.005 0.0001611 -0.0015989 -7.3922e-05
0.002 0 -0.005 0.00013934 -0.0014425 -9.9962e-05
0.002 0 -0.004 0.00013166 -0.0014115 -4.1874e-05
0.002 0 -0.003 0.00012415 -0.0013774 1.2149e-05
0.002 0 -0.002 0.00011682 -0.0013399 6.2106e-05
0.002 0 -0.001 0.00010966 -0.0012992 0.000108
0.002 0 0 0.00010267 -0.0012552 0.00014982
0.002 0 0.001 9.5855e-05 -0.0012079 0.00018758
0.002 0 0.002 8.9213e-05 -0.0011573 0.00022127
0.002 0 0.003 8.2745e-05 -0.0011034 0.0002509
0.002 0 0.004 7.6451e-05 -0.0010463 0.00027646
0.002 0 0.005 7.033e-05 -0.00098593 0.00029795
0.002 -0.001 0.005 6.2946e-05 -0.00092403 0.00024784
0.002 -0.001 0.004 6.8109e-05 -0.00097615 0.00022561
0.002 -0.001 0.003 7.341e-05 -0.0010252 0.00020011
0.002 -0.001 0.002 7.8849e-05 -0.001071 0.00017134
0.002 -0.001 0.001 8.4427e-05 -0.0011138 0.00013929
0.002 -0.001 0 9.0144e-05 -0.0011535 0.00010398
0.002 -0.001 -0.001 9.6e-05 -0.0011901 6.5394e-05
0.002 -0.001 -0.002 0.00010199 -0.0012235 2.3538e-05
0.002 -0.001 -0.003 0.00010813 -0.0012538 -2.1589e-05
0.002 -0.001 -0.004 0.0001144 -0.001281 -6.9987e-05
0.002 -0.001 -0.005 0.00012081 -0.0013051 -0.00012166
0.002 -0.002 -0.005 0.0001055 -0.001187 -0.000139
0.002 -0.002 -0.004 9.9912e-05 -0.0011678 -9.255e-05
0.002 -0.002 -0.003 9.4476e-05 -0.0011457 -4.876e-05
0.002 -0.002 -0.002 8.9187e-05 -0.0011207 -7.6331e-06
0.002 -0.002 -0.001 8.4045e-05 -0.0010929 3.0831e-05
0.002 -0.002 0 7.905e-05 -0.0010621 6.6633e-05
0.002 -0.002 0.001 7.4202e-05 -0.0010285 9.9773e-05
0.002 -0.002 0.002 6.9501e-05 -0.00099208 0.00013025
0.002 -0.002 0.003 6.4948e-05 -0.00095274 0.00015806
0.002 -0.002 0.004 6.0541e-05 -0.00091054 0.00018322
0.002 -0.002 0.005 5.6282e-05 -0.00086546 0.0002057
0.002 -0.003 0.005 5.0337e-05 -0.00081023 0.00017154
0.002 -0.003 0.004 5.3749e-05 -0.0008495 0.00014927
0.002 -0.003 0.003 5.736e-05 -0.00088622 0.00012476
0.002 -0.003 0.002 6.117e-05 -0.00092038 9.8011e-05
0.002 -0.003 0.001 6.5178e-05 -0.000952 6.9018e-05
0.002 -0.003 0 6.9386e-05 -0.00098106 3.7784e-05
0.002 -0.003 -0.001 7.3792e-05 -0.0010076 4.3087e-06
0.002 -0.003 -0.002 7.8398e-05 -0.0010315 -3.1407e-05
0.002 -0.003 -0.003 8.3202e-05 -0.0010529 -6.9364e-05
0.002 -0.003 -0.004 8.8205e-05 -0.0010718 -0.00010956
0.002 -0.003 -0.005 9.3407e-05 -0.0010881 -0.000152
0.002 -0.004 -0.005 8.4543e-05 -0.0010083 -0.00016065
0.002 -0.004 -0.004 7.9277e-05 -0.00099302 -0.00012102
0.002 -0.004 -0.003 7.4305e-05 -0.00097556 -8.34e-05
0.002 -0.004 -0.002 6.9627e-05 -0.00095595 -4.7784e-05
0.002 -0.004 -0.001 6.5243e-05 -0.00093419 -1.4174e-05
0.002 -0.004 0 6.1153e-05 -0.00091027 1.743e-05
0.002 -0.004 0.001 5.7356e-05 -0.0008842 4.7028e-05
0.002 -0.004 0.002 5.3854e-05 -0.00085596 7.462e-05
0.002 -0.004 0.003 5.0646e-05 -0.00082558 0.00010021
0.002 -0.004 0.004 4.7731e-05 -0.00079304 0.00012379
0.002 -0.004 0.005 4.511e-05 -0.00075834 0.00014536
0.002 -0.005 0.005 4.0603e-05 -0.00070979 0.00012715
0.002 -0.005 0.004 4.2488e-05 -0.00074115 0.00010675
0.002 -0.005 0.003 4.4806e-05 -0.00077082 8.4392e-05
0.002 -0.005 0.002 4.7555e-05 -0.00079882 6.0077e-05
0.002 -0.005 0.001 5.0737e-05 -0.00082514 3.3804e-05
0.002 -0.005 0 5.435e-05 -0.00084977 5.5725e-06
0.002 -0.005 -0.001 5.8396e-05 -0.00087273 -2.4617e-05
0.002 -0.005 -0.002 6.2875e-05 -0.000894 -5.6764e-05
0.002 -0.005 -0.003 6.7785e-05 -0.00091359 -9.0869e-05
0.002 -0.005 -0.004 7.3127e-05 -0.00093151 -0.00012693
0.002 -0.005 -0.005 7.8902e-05 -0.00094774 -0.00016495
0.003 -0.005 -0.005 0.00011918 -0.00093699 -0.00016915
0.003 -0.005 -0.004 0.00011177 -0.00092023 -0.00013145
0.003 -0.005 -0.003 0.00010479 -0.00090204 -9.5598e-05
0.003 -0.005 -0.002 9.8228e-05 -0.00088242 -6.159e-05
0.003 -0.005 -0.001 9.2088e-05 -0.00086137 -2.9427e-05
0.003 -0.005 0 8.6369e-05 -0.00083889 8.9253e-07
0.003 -0.005 0.001 8.1073e-05 -0.00081498 2.9368e-05
0.003 -0.005 0.002 7.6198e-05 -0.00078963 5.5998e-05
0.003 -0.005 0.003 7.1746e-05 -0.00076286 8.0785e-05
0.003 -0.005 0.004 6.7715e-05 -0.00073466 0.00010373
0.003 -0.005 0.005 6.4107e-05 -0.00070502 0.00012483
0.003 -0.004 0.005 7.1068e-05 -0.00075231 0.0001422
0.003 -0.004 0.004 7.567e-05 -0.00078557 0.00012017
0.003 -0.004 0.003 8.0533e-05 -0.00081685 9.6219e-05
0.003 -0.004 0.002 8.5655e-05 -0.00084615 7.0354e-05
0.003 -0.004 0.001 9.1036e-05 -0.00087348 4.2571e-05
0.003 -0.004 0 9.6678e-05 -0.00089884 1.2873e-05
0.003 -0.004 -0.001 0.00010258 -0.00092222 -1.8742e-05
0.003 -0.004 -0.002 0.00010874 -0.00094363 -5.2273e-05
0.003 -0.004 -0.003 0.00011516 -0.00096306 -8.772e-05
0.003 -0.004 -0.004 0.00012184 -0.00098052 -0.00012508
0.003 -0.004 -0.005 0.00012878 -0.00099601 -0.00016436
0.003 -0.003 -0.005 0.00014309 -0.0010736 -0.00015564
0.003 -0.003 -0.004 0.00013601 -0.0010575 -0.00011357
0.003 -0.003 -0.003 0.00012908 -0.001039 -7.3674e-05
0.003 -0.003 -0.002 0.00012231 -0.001018 -3.5942e-05
0.003 -0.003 -0.001 0.00011569 -0.00099459 -3.7782e-07
0.003 -0.003 0 0.00010923 -0.00096875 3.3019e-05
0.003 -0.003 0.001 0.00010292 -0.00094047 6.4249e-05
0.003 -0.003 0.002 9.676e-05 -0.00090975 9.3312e-05
0.003 -0.003 0.003 9.0757e-05 -0.00087659 0.00012021
0.003 -0.003 0.004 8.4906e-05 -0.000841 0.00014493
0.003 -0.003 0.005 7.921e-05 -0.00080296 0.0001675
0.003 -0.002 0.005 8.8533e-05 -0.00085696 0.00020071
0.003 -0.002 0.004 9.5424e-05 -0.00090094 0.00017803
0.003 -0.002 0.003 0.00010242 -0.0009421 0.00015275
0.003 -0.002 0.002 0.00010952 -0.00098043 0.00012487
0.003 -0.002 0.001 0.00011672 -0.0010159 9.44e-05
0.003 -0.002 0 0.00012402 -0.0010486 6.1331e-05
0.003 -0.002 -0.001 0.00013143 -0.0010785 2.5665e-05
0.003 -0.002 -0.002 0.00013894 -0.0011055 -1.2599e-05
0.003 -0.002 -0.003 0.00014656 -0.0011297 -5.3459e-05
0.003 -0.002 -0.004 0.00015428 -0.0011511 -9.6917e-05
0.003 -0.002 -0.005 0.0001621 -0.0011696 -0.00014297
0.003 -0.001 -0.005 0.00018582 -0.0012843 -0.00012636
0.003 -0.001 -0.004 0.00017665 -0.0012614 -7.5116e-05
0.003 -0.001 -0.003 0.00016759 -0.0012353 -2.7076e-05
0.003 -0.001 -0.002 0.00015863 -0.0012062 1.7758e-05
0.003 -0.001 -0.001 0.00014979 -0.0011739 5.9387e-05
0.003 -0.001 0 0.00014106 -0.0011385 9.7809e-05
0.003 -0.001 0.001 0.00013243 -0.0010999 0.00013303
0.003 -0.001 0.002 0.00012392 -0.0010582 0.00016504
0.003 -0.001 0.003 0.00011552 -0.0010134 0.00019384
0.003 -0.001 0.004 0.00010722 -0.00096541 0.00021944
0.003 -0.001 0.005 9.9038e-05 -0.00091432 0.00024183
0.003 0 0.005 0.00011072 -0.00097502 0.00029088
0.003 0 0.004 0.0001203 -0.0010344 0.00026918
0.003 0 0.003 0.00013005 -0.0010904 0.00024349
0.003 0 0.002 0.00013997 -0.001143 0.0002138
0.003 0 0.001 0.00015007 -0.0011923 0.00018012
0.003 0 0 0.00016034 -0.0012383 0.00014245
0.003 0 -0.001 0.00017077 -0.0012808 0.00010079
0.003 0 -0.002 0.00018138 -0.00132 5.5128e-05
0.003 0 -0.003 0.00019217 -0.0013558 5.4753e-06
0.003 0 -0.004 0.00020312 -0.0013883 -4.8171e-05
0.003 0 -0.005 0.00021425 -0.0014174 -0.00010581
0.003 0.001 -0.005 0.00024738 -0.0015691 -8.1317e-05
0.003 0.001 -0.004 0.00023369 -0.0015319 -1.6081e-05
0.003 0.001 -0.003 0.0002203 -0.0014912 4.4195e-05
0.003 0.001 -0.002 0.00020719 -0.001447 9.9511e-05
0.003 0.001 -0.001 0.00019438 -0.0013993 0.00014987
0.003 0.001 0 0.00018186 -0.001348 0.00019526
0.003 0.001 0.001 0.00016962 -0.0012933 0.0002357
0.003 0.001 0.002 0.00015768 -0.001235 0.00027117
0.003 0.001 0.003 0.00014603 -0.0011732 0.00030169
0.003 0.001 0.004 0.00013466 -0.0011079 0.00032724
0.003 0.001 0.005 0.00012359 -0.0010391 0.00034784
0.003 0.002 0.005 0.00013764 -0.0011065 0.00041271
0.003 0.002 0.004 0.00015031 -0.0011859 0.00039363
0.003 0.002 0.003 0.00016344 -0.0012617 0.00036844
0.003 0.002 0.002 0.00017703 -0.001334 0.00033715
0.003 0.002 0.001 0.00019109 -0.0014027 0.00029974
0.003 0.002 0 0.00020562 -0.0014677 0.00025624
0.003 0.002 -0.001 0.00022061 -0.0015292 0.00020663
0.003 0.002 -0.002 0.00023606 -0.0015871 0.00015091
0.003 0.002 -0.003 0.00025198 -0.0016415 8.9083e-05
0.003 0.002 -0.004 0.00026836 -0.0016922 2.1154e-05
0.003 0.002 -0.005 0.00028521 -0.0017394 -5.2881e-05
0.003 0.003 -0.005 0.00032775 -0.0019281 -2.0503e-05
0.003 0.003 -0.004 0.00030714 -0.0018691 6.3534e-05
0.003 0.003 -0.003 0.00028722 -0.0018066 0.00014014
0.003 0.003 -0.002 0.00026799 -0.0017404 0.00020932
0.003 0.003 -0.001 0.00024946 -0.0016707 0.00027106
0.003 0.003 0 0.00023162 -0.0015974 0.00032538
0.003 0.003 0.001 0.00021448 -0.0015205 0.00037226
0.003 0.003 0.002 0.00019804 -0.0014401 0.00041172
0.003 0.003 0.003 0.00018228 -0.0013561 0.00044375
0.003 0.003 0.004 0.00016723 -0.0012685 0.00046834
0.003 0.003 0.005 0.00015287 -0.0011773 0.00048551
0.003 0.004 0.005 0.00016928 -0.0012514 0.00056622
0.003 0.004 0.004 0.00018543 -0.0013555 0.00055138
0.003 0.004 0.003 0.00020257 -0.0014561 0.00052761
0.003 0.004 0.002 0.00022069 -0.0015533 0.0004949
0.003 0.004 0.001 0.00023979 -0.0016469 0.00045326
0.003 0.004 0 0.00025987 -0.0017371 0.00040269
0.003 0.004 -0.001 0.00028093 -0.0018237 0.00034318
0.003 0.004 -0.002 0.00030298 -0.0019069 0.00027474
0.003 0.004 -0.003 0.000326 -0.0019866 0.00019737
0.003 0.004 -0.004 0.00035001 -0.0020627 0.00011106
0.003 0.004 -0.005 0.000375 -0.0021354 1.5818e-05
0.003 0.005 -0.005 0.00042695 -0.0023613 5.6081e-05
0.003 0.005 -0.004 0.00039699 -0.002273 0.00016373
0.003 0.005 -0.003 0.00036834 -0.0021814 0.00026076
0.003 0.005 -0.002 0.00034103 -0.0020865 0.00034717
0.003 0.005 -0.001 0.00031503 -0.0019882 0.00042297
0.003 0.005 0 0.00029036 -0.0018867 0.00048816
0.003 0.005 0.001 0.00026701 -0.0017818 0.00054273
0.003 0.005 0.002 0.00024499 -0.0016735 0.00058668
0.003 0.005 0.003 0.00022429 -0.001562 0.00062002
0.003 0.005 0.004 0.00020492 -0.0014471 0.00064274
0.003 0.005 0.005 0.00018687 -0.0013289 0.00065485
0.004 0.005 0.005 0.0002554 -0.0013059 0.00063567
0.004 0.005 0.004 0.00027983 -0.001421 0.00062141
0.004 0.005 0.003 0.00030588 -0.0015323 0.00059689
0.004 0.005 0.002 0.00033357 -0.0016397 0.00056211
0.004 0.005 0.001 0.00036289 -0.0017433 0.00051706
0.004 0.005 0 0.00039384 -0.0018431 0.00046175
0.004 0.005 -0.001 0.00042642 -0.001939 0.00039617
0.004 0.005 -0.002 0.00046063 -0.002031 0.00032034
0.004 0.005 -0.003 0.00049647 -0.0021193 0.00023424
0.004 0.005 -0.004 0.00053395 -0.0022036 0.00013788
0.004 0.005 -0.005 0.00057306 -0.0022842 3.1252e-05
0.004 0.004 -0.005 0.00050401 -0.0020685 -4.8381e-06
0.004 0.004 -0.004 0.00047129 -0.0020024 8.9539e-05
0.004 0.004 -0.003 0.00043978 -0.0019323 0.00017525
0.004 0.004 -0.002 0.00040948 -0.0018582 0.0002523
0.004 0.004 -0.001 0.00038039 -0.0017803 0.00032069
0.004 0.004 0 0.00035251 -0.0016984 0.00038041
0.004 0.004 0.001 0.00032584 -0.0016125 0.00043147
0.004 0.004 0.002 0.00030037 -0.0015228 0.00047387
0.004 0.004 0.003 0.00027612 -0.0014291 0.0005076
0.004 0.004 0.004 0.00025307 -0.0013314 0.00053267
0.004 0.004 0.005 0.00023123 -0.0012299 0.00054907
0.004 0.003 0.005 0.0002087 -0.0011572 0.00047028
0.004 0.003 0.004 0.00022811 -0.0012463 0.00045203
0.004 0.003 0.003 0.00024836 -0.0013314 0.00042655
0.004 0.003 0.002 0.00026948 -0.0014126 0.00039385
0.004 0.003 0.001 0.00029144 -0.0014899 0.00035392
0.004 0.003 0 0.00031425 -0.0015632 0.00030675
0.004 0.003 -0.001 0.00033792 -0.0016325 0.00025236
0.004 0.003 -0.002 0.00036244 -0.0016979 0.00019075
0.004 0.003 -0.003 0.00038781 -0.0017594 0.0001219
0.004 0.003 -0.004 0.00041403 -0.0018169 4.5822e-05
0.004 0.003 -0.005 0.00044111 -0.0018705 -3.7483e-05
0.004 0.002 -0.005 0.00038435 -0.0016901 -6.6681e-05
0.004 0.002 -0.004 0.00036217 -0.0016474 6.724e-06
0.004 0.002 -0.003 0.00034055 -0.0016007 7.4172e-05
0.004 0.002 -0.002 0.00031949 -0.0015502 0.00013566
0.004 0.002 -0.001 0.000299 -0.0014957 0.0001912
0.004 0.002 0 0.00027906 -0.0014375 0.00024077
0.004 0.002 0.001 0.00025969 -0.0013753 0.00028439
0.004 0.002 0.002 0.00024088 -0.0013093 0.00032205
0.004 0.002 0.003 0.00022262 -0.0012394 0.00035376
0.004 0.002 0.004 0.00020493 -0.0011656 0.00037951
0.004 0.002 0.005 0.0001878 -0.001088 0.0003993
0.004 0.001 0.005 0.00016854 -0.0010222 0.00033613
0.004 0.001 0.004 0.00018355 -0.0010894 0.0003151
0.004 0.001 0.003 0.00019889 -0.001153 0.00028922
0.004 0.001 0.002 0.00021457 -0.0012128 0.00025848
0.004 0.001 0.001 0.00023059 -0.0012689 0.0002229
0.004 0.001 0 0.00024694 -0.0013213 0.00018247
0.004 0.001 -0.001 0.00026363 -0.0013699 0.00013719
0.004 0.001 -0.002 0.00028065 -0.0014149 8.7057e-05
0.004 0.001 -0.003 0.00029801 -0.0014561 3.2076e-05
0.004 0.001 -0.004 0.0003157 -0.0014936 -2.7754e-05
0.004 0.001 -0.005 0.00033373 -0.0015274 -9.2434e-05
0.004 0 -0.005 0.00028925 -0.0013823 -0.00011474
0.004 0 -0.004 0.00027462 -0.0013557 -5.7613e-05
0.004 0 -0.003 0.00026018 -0.0013257 -4.39e-06
0.004 0 -0.002 0.0002459 -0.0012921 4.4927e-05
0.004 0 -0.001 0.00023181 -0.0012551 9.0338e-05
0.004 0 0 0.00021788 -0.0012146 0.00013184
0.004 0 0.001 0.00020414 -0.0011706 0.00016944
0.004 0 0.002 0.00019057 -0.0011231 0.00020314
0.004 0 0.003 0.00017718 -0.0010721 0.00023292
0.004 0 0.004 0.00016396 -0.0010177 0.0002588
0.004 0 0.005 0.00015092 -0.0009597 0.00028078
0.004 -0.001 0.005 0.00013493 -0.00090063 0.00023324
0.004 -0.001 0.004 0.00014616 -0.00095033 0.00021062
0.004 -0.001 0.003 0.00015747 -0.00099687 0.00018488
0.004 -0.001 0.002 0.00016886 -0.0010402 0.00015601
0.004 -0.001 0.001 0.00018034 -0.0010804 0.00012401
0.004 -0.001 0 0.0001919 -0.0011174 8.8893e-05
0.004 -0.001 -0.001 0.00020354 -0.0011513 5.0646e-05
0.004 -0.001 -0.002 0.00021526 -0.0011819 9.2727e-06
0.004 -0.001 -0.003 0.00022706 -0.0012094 -3.5227e-05
0.004 -0.001 -0.004 0.00023894 -0.0012337 -8.2852e-05
0.004 -0.001 -0.005 0.00025091 -0.0012549 -0.0001336
0.004 -0.002 -0.005 0.00021871 -0.001145 -0.00014902
0.004 -0.002 -0.004 0.00020866 -0.0011275 -0.00010347
0.004 -0.002 -0.003 0.00019866 -0.0011073 -6.0434e-05
0.004 -0.002 -0.002 0.00018871 -0.0010842 -1.9906e-05
0.004 -0.002 -0.001 0.00017882 -0.0010584 1.8112e-05
0.004 -0.002 0 0.00016897 -0.0010297 5.3621e-05
0.004 -0.002 0.001 0.00015919 -0.00099834 8.6619e-05
0.004 -0.002 0.002 0.00014945 -0.00096416 0.00011711
0.004 -0.002 0.003 0.00013977 -0.0009272 0.00014509
0.004 -0.002 0.004 0.00013015 -0.00088746 0.00017056
0.004 -0.002 0.005 0.00012058 -0.00084494 0.00019351
0.004 -0.003 0.005 0.00010786 -0.00079264 0.0001616
0.004 -0.003 0.004 0.00011593 -0.00082904 0.0001386
0.004 -0.003 0.003 0.00012409 -0.00086313 0.00011354
0.004 -0.003 0.002 0.00013234 -0.00089492 8.6428e-05
0.004 -0.003 0.001 0.00014069 -0.0009244 5.7255e-05
0.004 -0.003 0 0.00014912 -0.00095158 2.6025e-05
0.004 -0.003 -0.001 0.00015765 -0.00097645 -7.2629e-06
0.004 -0.003 -0.002 0.00016626 -0.00099901 -4.2608e-05
0.004 -0.003 -0.003 0.00017497 -0.0010193 -8.0011e-05
0.004 -0.003 -0.004 0.00018377 -0.0010372 -0.00011947
0.004 -0.003 -0.005 0.00019266 -0.0010529 -0.00016099
0.004 -0.004 -0.005 0.00017275 -0.00097833 -0.00016951
0.004 -0.004 -0.004 0.00016427 -0.00096275 -0.00013085
0.004 -0.004 -0.003 0.000156 -0.00094542 -9.3959e-05
0.004 -0.004 -0.002 0.00014792 -0.00092633 -5.8835e-05
0.004 -0.004 -0.001 0.00014003 -0.0009055 -2.548e-05
0.004 -0.004 0 0.00013233 -0.00088291 6.106e-06
0.004 -0.004 0.001 0.00012483 -0.00085857 3.5923e-05
0.004 -0.004 0.002 0.00011753 -0.00083249 6.3971e-05
0.004 -0.004 0.003 0.00011042 -0.00080465 9.025e-05
0.004 -0.004 0.004 0.0001035 -0.00077506 0.00011476
0.004 -0.004 0.005 9.6781e-05 -0.00074372 0.0001375
0.004 -0.005 0.005 8.7338e-05 -0.0006982 0.00012122
0.004 -0.005 0.004 9.2867e-05 -0.00072554 9.9034e-05
0.004 -0.005 0.003 9.8759e-05 -0.00075176 7.5208e-05
0.004 -0.005 0.002 0.00010501 -0.00077687 4.9737e-05
0.004 -0.005 0.001 0.00011163 -0.00080087 2.2623e-05
0.004 -0.005 0 0.00011861 -0.00082375 -6.1358e-06
0.004 -0.005 -0.001 0.00012596 -0.00084552 -3.6539e-05
0.004 -0.005 -0.002 0.00013367 -0.00086617 -6.8585e-05
0.004 -0.005 -0.003 0.00014174 -0.00088571 -0.00010228
0.004 -0.005 -0.004 0.00015017 -0.00090413 -0.00013761
0.004 -0.005 -0.005 0.00015897 -0.00092144 -0.00017459
0.005 -0.005 -0.005 0.00019828 -0.00090108 -0.00018129
0.005 -0.005 -0.004 0.00018833 -0.0008832 -0.00014542
0.005 -0.005 -0.003 0.00017863 -0.00086459 -0.00011091
0.005 -0.005 -0.002 0.00016919 -0.00084524 -7.775e-05
0.005 -0.005 -0.001 0.00016001 -0.00082517 -4.5952e-05
0.005 -0.005 0 0.00015109 -0.00080436 -1.5513e-05
0.005 -0.005 0.001 0.00014242 -0.00078282 1.3569e-05
0.005 -0.005 0.002 0.000134 -0.00076054 4.1293e-05
0.005 -0.005 0.003 0.00012584 -0.00073753 6.7659e-05
0.005 -0.005 0.004 0.00011794 -0.00071379 9.2667e-05
0.005 -0.005 0.005 0.0001103 -0.00068932 0.00011632
0.005 -0.004 0.005 0.00012225 -0.00073257 0.00013126
0.005 -0.004 0.004 0.00013123 -0.00076152 0.00010756
0.005 -0.004 0.003 0.00014031 -0.00078899 8.2298e-05
0.005 -0.004 0.002 0.00014948 -0.00081498 5.5472e-05
0.005 -0.004 0.001 0.00015875 -0.00083947 2.7083e-05
0.005 -0.004 0 0.00016812 -0.00086249 -2.8709e-06
0.005 -0.004 -0.001 0.00017759 -0.00088402 -3.4389e-05
0.005 -0.004 -0.002 0.00018715 -0.00090407 -6.747e-05
0.005 -0.004 -0.003 0.00019681 -0.00092263 -0.00010212
0.005 -0.004 -0.004 0.00020657 -0.00093971 -0.00013833
0.005 -0.004 -0.005 0.00021643 -0.0009553 -0.0001761
0.005 -0.003 -0.005 0.00024212 -0.001026 -0.00016805
0.005 -0.003 -0.004 0.00023148 -0.001011 -0.00012726
0.005 -0.003 -0.003 0.00022086 -0.00099388 -8.8375e-05
0.005 -0.003 -0.002 0.00021025 -0.00097458 -5.1405e-05
0.005 -0.003 -0.001 0.00019965 -0.00095314 -1.6347e-05
0.005 -0.003 0 0.00018906 -0.00092954 1.68e-05
0.005 -0.003 0.001 0.00017848 -0.00090379 4.8036e-05
0.005 -0.003 0.002 0.00016792 -0.00087588 7.736e-05
0.005 -0.003 0.003 0.00015736 -0.00084583 0.00010477
0.005 -0.003 0.004 0.00014682 -0.00081362 0.00013027
0.005 -0.003 0.005 0.00013629 -0.00077926 0.00015386
0.005 -0.002 0.005 0.00015241 -0.00082939 0.00018413
0.005 -0.002 0.004 0.00016471 -0.00087008 0.00016081
0.005 -0.002 0.003 0.00017702 -0.00090804 0.00013508
0.005 -0.002 0.002 0.00018932 -0.00094327 0.00010695
0.005 -0.002 0.001 0.00020161 -0.00097575 7.6428e-05
0.005 -0.002 0 0.00021391 -0.0010055 4.3501e-05
0.005 -0.002 -0.001 0.0002262 -0.0010325 8.1736e-06
0.005 -0.002 -0.002 0.00023849 -0.0010568 -2.9555e-05
0.005 -0.002 -0.003 0.00025077 -0.0010783 -6.9683e-05
0.005 -0.002 -0.004 0.00026305 -0.0010971 -0.00011221
0.005 -0.002 -0.005 0.00027533 -0.0011132 -0.00015714
0.005 -0.001 -0.005 0.00031608 -0.0012169 -0.00014338
0.005 -0.001 -0.004 0.00030128 -0.0011981 -9.3193e-05
0.005 -0.001 -0.003 0.00028655 -0.001176 -4.604e-05
0.005 -0.001 -0.002 0.00027186 -0.0011507 -1.9187e-06
0.005 -0.001 -0.001 0.00025723 -0.0011222 3.9172e-05
0.005 -0.001 0 0.00024266 -0.0010904 7.7232e-05
0.005 -0.001 0.001 0.00022814 -0.0010554 0.00011226
0.005 -0.001 0.002 0.00021368 -0.0010171 0.00014426
0.005 -0.001 0.003 0.00019927 -0.00097564 0.00017322
0.005 -0.001 0.004 0.00018491 -0.00093091 0.00019916
0.005 -0.001 0.005 0.00017061 -0.00088295 0.00022206
0.005 0 0.005 0.0001909 -0.00093996 0.00026766
0.005 0 0.004 0.00020742 -0.00099611 0.00024533
0.005 0 0.003 0.00022411 -0.0010486 0.0002192
0.005 0 0.002 0.000241 -0.0010975 0.00018927
0.005 0 0.001 0.00025806 -0.0011426 0.00015553
0.005 0 0 0.00027532 -0.0011842 0.00011799
0.005 0 -0.001 0.00029275 -0.0012221 7.6649e-05
0.005 0 -0.002 0.00031038 -0.0012563 3.1503e-05
0.005 0 -0.003 0.00032818 -0.0012869 -1.7447e-05
0.005 0 -0.004 0.00034618 -0.0013138 -7.0199e-05
0.005 0 -0.005 0.00036435 -0.0013371 -0.00012675
0.005 0.001 -0.005 0.00042016 -0.0014738 -0.00010727
0.005 0.001 -0.004 0.00039773 -0.0014444 -4.3229e-05
0.005 0.001 -0.003 0.00037569 -0.001411 1.6098e-05
0.005 0.001 -0.002 0.00035403 -0.0013736 7.0709e-05
0.005 0.001 -0.001 0.00033276 -0.0013322 0.0001206
0.005 0.001 0 0.00031188 -0.0012869 0.00016578
0.005 0.001 0.001 0.00029139 -0.0012376 0.00020624
0.005 0.001 0.002 0.00027128 -0.0011843 0.00024199
0.005 0.001 0.003 0.00025156 -0.001127 0.00027301
0.005 0.001 0.004 0.00023223 -0.0010657 0.00029933
0.005 0.001 0.005 0.00021328 -0.0010004 0.00032092
0.005 0.002 0.005 0.00023774 -0.0010643 0.00038185
0.005 0.002 0.004 0.00025934 -0.0011396 0.00036114
0.005 0.002 0.003 0.0002816 -0.0012107 0.00033466
0.005 0.002 0.002 0.00030452 -0.0012775 0.00030241
0.005 0.002 0.001 0.0003281 -0.0013402 0.00026439
0.005 0.002 0 0.00035235 -0.0013985 0.0002206
0.005 0.002 -0.001 0.00037725 -0.0014527 0.00017104
0.005 0.002 -0.002 0.00040282 -0.0015026 0.0001157
0.005 0.002 -0.003 0.00042905 -0.0015483 5.4594e-05
0.005 0.002 -0.004 0.00045594 -0.0015897 -1.2284e-05
0.005 0.002 -0.005 0.0004835 -0.001627 -8.4934e-05
0.005 0.003 -0.005 0.00055436 -0.0017966 -5.9737e-05
0.005 0.003 -0.004 0.00052082 -0.0017499 2.2636e-05
0.005 0.003 -0.003 0.00048828 -0.0016988 9.8041e-05
0.005 0.003 -0.002 0.00045675 -0.0016433 0.00016648
0.005 0.003 -0.001 0.00042623 -0.0015834 0.00022795
0.005 0.003 0 0.00039672 -0.0015191 0.00028245
0.005 0.003 0.001 0.00036822 -0.0014504 0.00032998
0.005 0.003 0.002 0.00034072 -0.0013773 0.00037055
0.005 0.003 0.003 0.00031423 -0.0012998 0.00040415
0.005 0.003 0.004 0.00028876 -0.0012179 0.00043078
0.005 0.003 0.005 0.00026428 -0.0011316 0.00045044
0.005 0.004 0.005 0.00029291 -0.0012024 0.00052669
0.005 0.004 0.004 0.00032048 -0.0013006 0.00050823
0.005 0.004 0.003 0.00034947 -0.0013943 0.00048146
0.005 0.004 0.002 0.00037989 -0.0014835 0.00044639
0.005 0.004 0.001 0.00041173 -0.0015683 0.00040301
0.005 0.004 0 0.000445 -0.0016486 0.00035133
0.005 0.004 -0.001 0.0004797 -0.0017244 0.00029134
0.005 0.004 -0.002 0.00051582 -0.0017957 0.00022304
0.005 0.004 -0.003 0.00055338 -0.0018625 0.00014644
0.005 0.004 -0.004 0.00059236 -0.0019249 6.1531e-05
0.005 0.004 -0.005 0.00063276 -0.0019828 -3.1683e-05
0.005 0.005 -0.005 0.00071869 -0.0021854 -7.7017e-07
0.005 0.005 -0.004 0.00067055 -0.0021147 0.0001044
0.005 0.005 -0.003 0.00062433 -0.0020395 0.00019979
0.005 0.005 -0.002 0.00058003 -0.0019598 0.00028539
0.005 0.005 -0.001 0.00053765 -0.0018756 0.0003612
0.005 0.005 0 0.00049719 -0.0017869 0.00042724
0.005 0.005 0.001 0.00045864 -0.0016938 0.00048348
0.005 0.005 0.002 0.00042201 -0.0015962 0.00052994
0.005 0.005 0.003 0.0003873 -0.0014942 0.00056662
0.005 0.005 0.004 0.0003545 -0.0013876 0.0005935
0.005 0.005 0.005 0.00032363 -0.0012766 0.00061061
