1331
11 11 11
-0.005 0.005
-0.005 0.005
-0.005 0.005
-0.005 -0.005 -0.005 -0.00088313 -0.00020694 -0.00021216
-0.005 -0.005 -0.004 -0.00088176 -0.00020523 -0.00021344
-0.005 -0.005 -0.003 -0.00087626 -0.0002022 -0.00020984
-0.005 -0.005 -0.002 -0.00086662 -0.00019784 -0.00020136
-0.005 -0.005 -0.001 -0.00085285 -0.00019216 -0.000188
-0.005 -0.005 0 -0.00083495 -0.00018515 -0.00016976
-0.005 -0.005 0.001 -0.00081292 -0.00017682 -0.00014664
-0.005 -0.005 0.002 -0.00078675 -0.00016716 -0.00011864
-0.005 -0.005 0.003 -0.00075645 -0.00015618 -8.5765e-05
-0.005 -0.005 0.004 -0.00072201 -0.00014387 -4.8007e-05
-0.005 -0.005 0.005 -0.00068345 -0.00013023 -5.37e-06
-0.005 -0.004 0.005 -0.00070251 -0.00010693 2.0402e-06
-0.005 -0.004 0.004 -0.00074061 -0.00011753 -3.4595e-05
-0.005 -0.004 0.003 -0.00077529 -0.00012732 -6.8302e-05
-0.005 -0.004 0.002 -0.00080656 -0.0001363 -9.9083e-05
-0.005 -0.004 0.001 -0.00083441 -0.00014446 -0.00012694
-0.005 -0.004 0 -0.00085885 -0.00015182 -0.00015186
-0.005 -0.004 -0.001 -0.00087988 -0.00015836 -0.00017387
-0.005 -0.004 -0.002 -0.00089749 -0.0001641 -0.00019294
-0.005 -0.004 -0.003 -0.00091169 -0.00016902 -0.00020909
-0.005 -0.004 -0.004 -0.00092248 -0.00017313 -0.00022231
-0.005 -0.004 -0.005 -0.00092985 -0.00017644 -0.0002326
-0.005 -0.003 -0.005 -0.0009676 -0.00014336 -0.0002493
-0.005 -0.003 -0.004 -0.00095523 -0.00013916 -0.00022935
-0.005 -0.003 -0.003 -0.00094006 -0.00013456 -0.0002081
-0.005 -0.003 -0.002 -0.00092209 -0.00012956 -0.00018556
-0.005 -0.003 -0.001 -0.00090133 -0.00012416 -0.00016173
-0.005 -0.003 0 -0.00087776 -0.00011836 -0.00013661
-0.005 -0.003 0.001 -0.00085139 -0.00011216 -0.00011019
-0.005 -0.003 0.002 -0.00082223 -0.00010556 -8.2476e-05
-0.005 -0.003 0.003 -0.00079026 -9.8562e-05 -5.3472e-05
-0.005 -0.003 0.004 -0.00075549 -9.1163e-05 -2.3175e-05
-0.005 -0.003 0.005 -0.00071793 -8.3365e-05 8.4153e-06
-0.005 -0.002 0.005 -0.00072969 -5.9532e-05 1.3755e-05
-0.005 -0.002 0.004 -0.00076667 -6.4764e-05 -1.3748e-05
-0.005 -0.002 0.003 -0.00080136 -6.9904e-05 -4.1274e-05
-0.005 -0.002 0.002 -0.00083376 -7.4952e-05 -6.8822e-05
-0.005 -0.002 0.001 -0.00086386 -7.9908e-05 -9.6391e-05
-0.005 -0.002 0 -0.00089168 -8.4772e-05 -0.00012398
-0.005 -0.002 -0.001 -0.0009172 -8.9544e-05 -0.0001516
-0.005 -0.002 -0.002 -0.00094043 -9.4224e-05 -0.00017923
-0.005 -0.002 -0.003 -0.00096137 -9.8812e-05 -0.00020689
-0.005 -0.002 -0.004 -0.00098002 -0.00010331 -0.00023457
-0.005 -0.002 -0.005 -0.00099638 -0.00010771 -0.00026227
-0.005 -0.001 -0.005 -0.0010162 -6.949e-05 -0.0002715
-0.005 -0.001 -0.004 -0.00099685 -6.558e-05 -0.00023796
-0.005 -0.001 -0.003 -0.00097562 -6.1782e-05 -0.00020545
-0.005 -0.001 -0.002 -0.0009525 -5.8095e-05 -0.00017394
-0.005 -0.001 -0.001 -0.0009275 -5.4522e-05 -0.00014346
-0.005 -0.001 0 -0.0009006 -5.106e-05 -0.000114
-0.005 -0.001 0.001 -0.00087182 -4.771e-05 -8.5549e-05
-0.005 -0.001 0.002 -0.00084115 -4.4473e-05 -5.812e-05
-0.005 -0.001 0.003 -0.00080859 -4.1347e-05 -3.1709e-05
-0.005 -0.001 0.004 -0.00077414 -3.8334e-05 -6.3151e-06
-0.005 -0.001 0.005 -0.0007378 -3.5433e-05 1.806e-05
-0.005 0 0.005 -0.00074226 -1.1067e-05 2.133e-05
-0.005 0 0.004 -0.0007779 -1.1872e-05 -8.75e-07
-0.005 0 0.003 -0.00081194 -1.289e-05 -2.4775e-05
-0.005 0 0.002 -0.0008444 -1.4121e-05 -5.0371e-05
-0.005 0 0.001 -0.00087526 -1.5565e-05 -7.7661e-05
-0.005 0 0 -0.00090454 -1.7221e-05 -0.00010665
-0.005 0 -0.001 -0.00093222 -1.909e-05 -0.00013733
-0.005 0 -0.002 -0.00095831 -2.1172e-05 -0.0001697
-0.005 0 -0.003 -0.00098281 -2.3467e-05 -0.00020377
-0.005 0 -0.004 -0.0010057 -2.5974e-05 -0.00023954
-0.005 0 -0.005 -0.001027 -2.8695e-05 -0.000277
-0.005 0.001 -0.005 -0.0010289 1.4674e-05 -0.00027876
-0.005 0.001 -0.004 -0.0010066 1.5508e-05 -0.00023929
-0.005 0.001 -0.003 -0.00098293 1.6131e-05 -0.00020187
-0.005 0.001 -0.002 -0.00095785 1.6545e-05 -0.00016651
-0.005 0.001 -0.001 -0.00093137 1.6749e-05 -0.00013319
-0.005 0.001 0 -0.00090348 1.6743e-05 -0.00010193
-0.005 0.001 0.001 -0.0008742 1.6528e-05 -7.2727e-05
-0.005 0.001 0.002 -0.00084351 1.6102e-05 -4.5574e-05
-0.005 0.001 0.003 -0.00081143 1.5466e-05 -2.0475e-05
-0.005 0.001 0.004 -0.00077794 1.4621e-05 2.5719e-06
-0.005 0.001 0.005 -0.00074306 1.3565e-05 2.3565e-05
-0.005 0.002 0.005 -0.00074021 3.8464e-05 2.4765e-05
-0.005 0.002 0.004 -0.00077428 4.1145e-05 4.0257e-06
-0.005 0.002 0.003 -0.00080704 4.3723e-05 -1.8806e-05
-0.005 0.002 0.002 -0.00083849 4.6197e-05 -4.3731e-05
-0.005 0.002 0.001 -0.00086862 4.8567e-05 -7.0748e-05
-0.005 0.002 0 -0.00089744 5.0834e-05 -9.9857e-05
-0.005 0.002 -0.001 -0.00092494 5.2997e-05 -0.00013106
-0.005 0.002 -0.002 -0.00095113 5.5057e-05 -0.00016435
-0.005 0.002 -0.003 -0.000976 5.7014e-05 -0.00019974
-0.005 0.002 -0.004 -0.00099956 5.8867e-05 -0.00023722
-0.005 0.002 -0.005 -0.0010218 6.0616e-05 -0.00027679
-0.005 0.003 -0.005 -0.0010057 0.00010913 -0.00027109
-0.005 0.003 -0.004 -0.00098454 0.0001041 -0.00023333
-0.005 0.003 -0.003 -0.00096201 9.918e-05 -0.00019738
-0.005 0.003 -0.002 -0.00093814 9.4364e-05 -0.00016325
-0.005 0.003 -0.001 -0.00091293 8.9654e-05 -0.00013093
-0.005 0.003 0 -0.0008864 8.5051e-05 -0.00010042
-0.005 0.003 0.001 -0.00085853 8.0554e-05 -7.1722e-05
-0.005 0.003 0.002 -0.00082932 7.6163e-05 -4.484e-05
-0.005 0.003 0.003 -0.00079878 7.1879e-05 -1.977e-05
-0.005 0.003 0.004 -0.00076691 6.7701e-05 3.4863e-06
-0.005 0.003 0.005 -0.0007337 6.3629e-05 2.493e-05
-0.005 0.004 0.005 -0.00072355 8.9061e-05 2.4059e-05
-0.005 0.004 0.004 -0.00075583 9.4288e-05 9.5367e-07
-0.005 0.004 0.003 -0.00078665 9.9934e-05 -2.3367e-05
-0.005 0.004 0.002 -0.00081602 0.000106 -4.8901e-05
-0.005 0.004 0.001 -0.00084392 0.00011249 -7.565e-05
-0.005 0.004 0 -0.00087037 0.00011939 -0.00010361
-0.005 0.004 -0.001 -0.00089536 0.00012672 -0.00013279
-0.005 0.004 -0.002 -0.00091888 0.00013446 -0.00016318
-0.005 0.004 -0.003 -0.00094095 0.00014263 -0.00019479
-0.005 0.004 -0.004 -0.00096156 0.00015122 -0.00022761
-0.005 0.004 -0.005 -0.00098071 0.00016022 -0.00026165
-0.005 0.005 -0.005 -0.00094671 0.00021388 -0.00024848
-0.005 0.005 -0.004 -0.00093062 0.00020021 -0.00022008
-0.005 0.005 -0.003 -0.00091284 0.00018736 -0.00019197
-0.005 0.005 -0.002 -0.00089336 0.00017536 -0.00016417
-0.005 0.005 -0.001 -0.0008722 0.00016419 -0.00013666
-0.005 0.005 0 -0.00084935 0.00015386 -0.00010945
-0.005 0.005 0.001 -0.00082481 0.00014437 -8.2533e-05
-0.005 0.005 0.002 -0.00079857 0.00013571 -5.5916e-05
-0.005 0.005 0.003 -0.00077065 0.00012789 -2.9595e-05
-0.005 0.005 0.004 -0.00074104 0.00012091 -3.5721e-06
-0.005 0.005 0.005 -0.00070974 0.00011476 2.2154e-05
-0.004 0.005 0.005 -0.0007593 0.00012935 6.1935e-05
-0.004 0.005 0.004 -0.00079336 0.00013744 3.6282e-05
-0.004 0.005 0.003 -0.00082534 0.00014602 9.7446e-06
-0.004 0.005 0.002 -0.00085525 0.00015508 -1.7677e-05
-0.004 0.005 0.001 -0.00088307 0.00016463 -4.5984e-05
-0.004 0.005 0 -0.00090881 0.00017466 -7.5175e-05
-0.004 0.005 -0.001 -0.00093247 0.00018519 -0.00010525
-0.004 0.005 -0.002 -0.00095405 0.0001962 -0.00013621
-0.004 0.005 -0.003 -0.00097355 0.0002077 -0.00016805
-0.004 0.005 -0.004 -0.00099096 0.00021968 -0.00020078
-0.004 0.005 -0.005 -0.0010063 0.00023215 -0.0002344
-0.004 0.004 -0.005 -0.0010384 0.00017693 -0.00024021
-0.004 0.004 -0.004 -0.0010209 0.00016835 -0.00020287
-0.004 0.004 -0.003 -0.0010014 0.00015995 -0.00016702
-0.004 0.004 -0.002 -0.00097989 0.00015176 -0.00013266
-0.004 0.004 -0.001 -0.00095636 0.00014376 -9.98e-05
-0.004 0.004 0 -0.00093082 0.00013597 -6.8427e-05
-0.004 0.004 0.001 -0.00090328 0.00012837 -3.8546e-05
-0.004 0.004 0.002 -0.00087372 0.00012096 -1.0156e-05
-0.004 0.004 0.003 -0.00084216 0.00011376 1.6742e-05
-0.004 0.004 0.004 -0.00080859 0.00010675 4.2148e-05
-0.004 0.004 0.005 -0.00077301 9.9945e-05 6.6063e-05
-0.004 0.003 0.005 -0.0007832 7.0981e-05 6.8832e-05
-0.004 0.003 0.004 -0.00082009 7.6297e-05 4.6024e-05
-0.004 0.003 0.003 -0.00085499 8.16e-05 2.1327e-05
-0.004 0.003 0.002 -0.00088789 8.689e-05 -5.2587e-06
-0.004 0.003 0.001 -0.00091879 9.2168e-05 -3.3733e-05
-0.004 0.003 0 -0.00094771 9.7432e-05 -6.4095e-05
-0.004 0.003 -0.001 -0.00097462 0.00010268 -9.6346e-05
-0.004 0.003 -0.002 -0.00099954 0.00010792 -0.00013049
-0.004 0.003 -0.003 -0.0010225 0.00011315 -0.00016651
-0.004 0.003 -0.004 -0.0010434 0.00011836 -0.00020443
-0.004 0.003 -0.005 -0.0010623 0.00012356 -0.00024424
-0.004 0.002 -0.005 -0.0010781 7.2041e-05 -0.00024648
-0.004 0.002 -0.004 -0.0010584 6.9735e-05 -0.00020547
-0.004 0.002 -0.003 -0.0010367 6.7284e-05 -0.00016653
-0.004 0.002 -0.002 -0.001013 6.4689e-05 -0.00012967
-0.004 0.002 -0.001 -0.00098726 6.1948e-05 -9.4889e-05
-0.004 0.002 0 -0.00095946 5.9063e-05 -6.2179e-05
-0.004 0.002 0.001 -0.00092962 5.6032e-05 -3.1545e-05
-0.004 0.002 0.002 -0.00089774 5.2857e-05 -2.9851e-06
-0.004 0.002 0.003 -0.00086382 4.9537e-05 2.3499e-05
-0.004 0.002 0.004 -0.00082787 4.6071e-05 4.7909e-05
-0.004 0.002 0.005 -0.00078987 4.2461e-05 7.0243e-05
-0.004 0.001 0.005 -0.00079302 1.4385e-05 7.0296e-05
-0.004 0.001 0.004 -0.00083192 1.6077e-05 4.7803e-05
-0.004 0.001 0.003 -0.00086867 1.757e-05 2.326e-05
-0.004 0.001 0.002 -0.00090329 1.8864e-05 -3.3353e-06
-0.004 0.001 0.001 -0.00093576 1.996e-05 -3.1981e-05
-0.004 0.001 0 -0.00096608 2.0857e-05 -6.2679e-05
-0.004 0.001 -0.001 -0.00099427 2.1556e-05 -9.5427e-05
-0.004 0.001 -0.002 -0.0010203 2.2057e-05 -0.00013023
-0.004 0.001 -0.003 -0.0010442 2.2358e-05 -0.00016708
-0.004 0.001 -0.004 -0.001066 2.2461e-05 -0.00020598
-0.004 0.001 -0.005 -0.0010856 2.2366e-05 -0.00024693
-0.004 0 -0.005 -0.0010849 -2.5461e-05 -0.0002456
-0.004 0 -0.004 -0.001066 -2.3458e-05 -0.00020597
-0.004 0 -0.003 -0.0010449 -2.1629e-05 -0.00016815
-0.004 0 -0.002 -0.0010214 -1.9974e-05 -0.00013215
-0.004 0 -0.001 -0.00099565 -1.8492e-05 -9.7962e-05
-0.004 0 0 -0.00096758 -1.7184e-05 -6.5594e-05
-0.004 0 0.001 -0.0009372 -1.6049e-05 -3.5043e-05
-0.004 0 0.002 -0.00090452 -1.5088e-05 -6.3093e-06
-0.004 0 0.003 -0.00086954 -1.43e-05 2.0608e-05
-0.004 0 0.004 -0.00083224 -1.3686e-05 4.5707e-05
-0.004 0 0.005 -0.00079265 -1.3246e-05 6.899e-05
-0.004 -0.001 0.005 -0.00078875 -4.0433e-05 6.6326e-05
-0.004 -0.001 0.004 -0.00082884 -4.3219e-05 4.1621e-05
-0.004 -0.001 0.003 -0.00086641 -4.6074e-05 1.5543e-05
-0.004 -0.001 0.002 -0.00090145 -4.9e-05 -1.1907e-05
-0.004 -0.001 0.001 -0.00093396 -5.1995e-05 -4.073e-05
-0.004 -0.001 0 -0.00096394 -5.5061e-05 -7.0925e-05
-0.004 -0.001 -0.001 -0.0009914 -5.8196e-05 -0.00010249
-0.004 -0.001 -0.002 -0.0010163 -6.1402e-05 -0.00013543
-0.004 -0.001 -0.003 -0.0010387 -6.4677e-05 -0.00016974
-0.004 -0.001 -0.004 -0.0010586 -6.8023e-05 -0.00020543
-0.004 -0.001 -0.005 -0.001076 -7.1439e-05 -0.00024249
-0.004 -0.002 -0.005 -0.0010589 -0.00011557 -0.00023759
-0.004 -0.002 -0.004 -0.0010437 -0.00011123 -0.00020437
-0.004 -0.002 -0.003 -0.0010258 -0.00010679 -0.00017187
-0.004 -0.002 -0.002 -0.0010051 -0.00010223 -0.00014008
-0.004 -0.002 -0.001 -0.00098153 -9.7557e-05 -0.00010902
-0.004 -0.002 0 -0.00095518 -9.2773e-05 -7.8671e-05
-0.004 -0.002 0.001 -0.00092602 -8.7878e-05 -4.9041e-05
-0.004 -0.002 0.002 -0.00089406 -8.2871e-05 -2.0128e-05
-0.004 -0.002 0.003 -0.00085929 -7.7751e-05 8.0666e-06
-0.004 -0.002 0.004 -0.00082172 -7.252e-05 3.5544e-05
-0.004 -0.002 0.005 -0.00078134 -6.7176e-05 6.2304e-05
-0.004 -0.003 0.005 -0.0007704 -9.3474e-05 5.6924e-05
-0.004 -0.003 0.004 -0.00081087 -0.00010159 2.7477e-05
-0.004 -0.003 0.003 -0.00084819 -0.00010933 -1.8223e-06
-0.004 -0.003 0.002 -0.00088237 -0.0001167 -3.0974e-05
-0.004 -0.003 0.001 -0.0009134 -0.0001237 -5.9978e-05
-0.004 -0.003 0 -0.00094128 -0.00013032 -8.8834e-05
-0.004 -0.003 -0.001 -0.00096603 -0.00013657 -0.00011754
-0.004 -0.003 -0.002 -0.00098762 -0.00014245 -0.0001461
-0.004 -0.003 -0.003 -0.0010061 -0.00014796 -0.00017452
-0.004 -0.003 -0.004 -0.0010214 -0.00015309 -0.00020278
-0.004 -0.003 -0.005 -0.0010336 -0.00015785 -0.0002309
-0.004 -0.004 -0.005 -0.001 -0.00019828 -0.00022242
-0.004 -0.004 -0.004 -0.00099157 -0.00019359 -0.00020067
-0.004 -0.004 -0.003 -0.00097955 -0.00018819 -0.00017769
-0.004 -0.004 -0.002 -0.000964 -0.00018207 -0.00015349
-0.004 -0.004 -0.001 -0.0009449 -0.00017525 -0.00012806
-0.004 -0.004 0 -0.00092226 -0.00016771 -0.00010141
-0.004 -0.004 0.001 -0.00089608 -0.00015946 -7.3539e-05
-0.004 -0.004 0.002 -0.00086636 -0.00015049 -4.4443e-05
-0.004 -0.004 0.003 -0.0008331 -0.00014082 -1.4123e-05
-0.004 -0.004 0.004 -0.00079629 -0.00013043 1.7419e-05
-0.004 -0.004 0.005 -0.00075595 -0.00011933 5.0185e-05
-0.004 -0.005 0.005 -0.00073797 -0.00014474 4.2088e-05
-0.004 -0.005 0.004 -0.00077799 -0.00015904 5.3711e-06
-0.004 -0.005 0.003 -0.00081402 -0.0001722 -2.8837e-05
-0.004 -0.005 0.002 -0.00084604 -0.00018424 -6.0536e-05
-0.004 -0.005 0.001 -0.00087407 -0.00019515 -8.9725e-05
-0.004 -0.005 0 -0.00089811 -0.00020493 -0.0001164
-0.004 -0.005 -0.001 -0.00091814 -0.00021358 -0.00014058
-0.004 -0.005 -0.002 -0.00093418 -0.00022109 -0.00016224
-0.004 -0.005 -0.003 -0.00094623 -0.00022748 -0.00018139
-0.004 -0.005 -0.004 -0.00095427 -0.00023274 -0.00019803
-0.004 -0.005 -0.005 -0.00095832 -0.00023687 -0.00021216
-0.003 -0.005 -0.005 -0.0010474 -0.0002739 -0.00020804
-0.003 -0.005 -0.004 -0.0010397 -0.00026675 -0.0001795
-0.003 -0.005 -0.003 -0.001028 -0.0002587 -0.00015062
-0.003 -0.005 -0.002 -0.0010125 -0.00024975 -0.00012141
-0.003 -0.005 -0.001 -0.00099302 -0.00023988 -9.1849e-05
-0.003 -0.005 0 -0.00096966 -0.00022912 -6.1954e-05
-0.003 -0.005 0.001 -0.0009424 -0.00021744 -3.1719e-05
-0.003 -0.005 0.002 -0.00091123 -0.00020487 -1.1457e-06
-0.003 -0.005 0.003 -0.00087616 -0.00019138 2.9767e-05
-0.003 -0.005 0.004 -0.00083719 -0.000177 6.1019e-05
-0.003 -0.005 0.005 -0.00079431 -0.00016171 9.2611e-05
-0.003 -0.004 0.005 -0.00081182 -0.00013354 0.00010181
-0.003 -0.004 0.004 -0.00085574 -0.00014544 7.2535e-05
-0.003 -0.004 0.003 -0.00089601 -0.00015675 4.2862e-05
-0.003 -0.004 0.002 -0.00093263 -0.00016749 1.2788e-05
-0.003 -0.004 0.001 -0.0009656 -0.00017764 -1.7685e-05
-0.003 -0.004 0 -0.00099493 -0.00018721 -4.856e-05
-0.003 -0.004 -0.001 -0.0010206 -0.0001962 -7.9834e-05
-0.003 -0.004 -0.002 -0.0010427 -0.00020462 -0.00011151
-0.003 -0.004 -0.003 -0.001061 -0.00021245 -0.00014358
-0.003 -0.004 -0.004 -0.0010758 -0.0002197 -0.00017606
-0.003 -0.004 -0.005 -0.0010869 -0.00022637 -0.00020894
-0.003 -0.003 -0.005 -0.0011184 -0.00017757 -0.00020984
-0.003 -0.003 -0.004 -0.0011045 -0.0001717 -0.00017335
-0.003 -0.003 -0.003 -0.0010872 -0.00016552 -0.00013787
-0.003 -0.003 -0.002 -0.0010665 -0.00015903 -0.00010341
-0.003 -0.003 -0.001 -0.0010423 -0.00015222 -6.9975e-05
-0.003 -0.003 0 -0.0010148 -0.0001451 -3.7554e-05
-0.003 -0.003 0.001 -0.00098381 -0.00013767 -6.1525e-06
-0.003 -0.003 0.002 -0.00094943 -0.00012992 2.4231e-05
-0.003 -0.003 0.003 -0.00091164 -0.00012186 5.3596e-05
-0.003 -0.003 0.004 -0.00087044 -0.00011349 8.1943e-05
-0.003 -0.003 0.005 -0.00082582 -0.00010481 0.00010927
-0.003 -0.002 0.005 -0.00083631 -7.5503e-05 0.000115
-0.003 -0.002 0.004 -0.0008813 -8.1166e-05 8.9244e-05
-0.003 -0.002 0.003 -0.00092308 -8.6725e-05 6.197e-05
-0.003 -0.002 0.002 -0.00096165 -9.2182e-05 3.3182e-05
-0.003 -0.002 0.001 -0.00099702 -9.7536e-05 2.8794e-06
-0.003 -0.002 0 -0.0010292 -0.00010279 -2.8939e-05
-0.003 -0.002 -0.001 -0.0010581 -0.00010794 -6.2272e-05
-0.003 -0.002 -0.002 -0.0010839 -0.00011298 -9.7119e-05
-0.003 -0.002 -0.003 -0.0011064 -0.00011793 -0.00013348
-0.003 -0.002 -0.004 -0.0011258 -0.00012277 -0.00017136
-0.003 -0.002 -0.005 -0.0011419 -0.0001275 -0.00021075
-0.003 -0.001 -0.005 -0.0011574 -7.6169e-05 -0.00021167
-0.003 -0.001 -0.004 -0.0011396 -7.2888e-05 -0.0001701
-0.003 -0.001 -0.003 -0.0011188 -6.9658e-05 -0.00013042
-0.003 -0.001 -0.002 -0.0010949 -6.6478e-05 -9.2626e-05
-0.003 -0.001 -0.001 -0.0010681 -6.3348e-05 -5.6724e-05
-0.003 -0.001 0 -0.0010382 -6.0269e-05 -2.2712e-05
-0.003 -0.001 0.001 -0.0010052 -5.724e-05 9.4102e-06
-0.003 -0.001 0.002 -0.00096928 -5.4261e-05 3.9643e-05
-0.003 -0.001 0.003 -0.00093031 -5.1333e-05 6.7985e-05
-0.003 -0.001 0.004 -0.00088831 -4.8455e-05 9.4437e-05
-0.003 -0.001 0.005 -0.00084329 -4.5627e-05 0.000119
-0.003 0 0.005 -0.00084676 -1.518e-05 0.00012127
-0.003 0 0.004 -0.00089148 -1.5361e-05 9.7524e-05
-0.003 0 0.003 -0.00093333 -1.5687e-05 7.164e-05
-0.003 0 0.002 -0.00097232 -1.6161e-05 4.3611e-05
-0.003 0 0.001 -0.0010084 -1.678e-05 1.344e-05
-0.003 0 0 -0.0010417 -1.7546e-05 -1.8875e-05
-0.003 0 -0.001 -0.0010721 -1.8458e-05 -5.3333e-05
-0.003 0 -0.002 -0.0010996 -1.9516e-05 -8.9934e-05
-0.003 0 -0.003 -0.0011243 -2.072e-05 -0.00012868
-0.003 0 -0.004 -0.0011461 -2.2071e-05 -0.00016957
-0.003 0 -0.005 -0.001165 -2.3568e-05 -0.0002126
-0.003 0.001 -0.005 -0.0011646 3.0301e-05 -0.00021353
-0.003 0.001 -0.004 -0.0011451 2.9687e-05 -0.00016976
-0.003 0.001 -0.003 -0.0011229 2.8888e-05 -0.00012826
-0.003 0.001 -0.002 -0.0010979 2.7905e-05 -8.9044e-05
-0.003 0.001 -0.001 -0.0010702 2.6736e-05 -5.2098e-05
-0.003 0.001 0 -0.0010398 2.5382e-05 -1.7427e-05
-0.003 0.001 0.001 -0.0010067 2.3843e-05 1.4969e-05
-0.003 0.001 0.002 -0.00097077 2.212e-05 4.5089e-05
-0.003 0.001 0.003 -0.00093215 2.0211e-05 7.2934e-05
-0.003 0.001 0.004 -0.0008908 1.8117e-05 9.8504e-05
-0.003 0.001 0.005 -0.00084672 1.5839e-05 0.0001218
-0.003 0.002 0.005 -0.00084317 4.7428e-05 0.0001206
-0.003 0.002 0.004 -0.00088628 5.1979e-05 9.7377e-05
-0.003 0.002 0.003 -0.00092677 5.6362e-05 7.1869e-05
-0.003 0.002 0.002 -0.00096464 6.058e-05 4.4075e-05
-0.003 0.002 0.001 -0.00099988 6.463e-05 1.3996e-05
-0.003 0.002 0 -0.0010325 6.8514e-05 -1.8368e-05
-0.003 0.002 -0.001 -0.0010625 7.2232e-05 -5.3018e-05
-0.003 0.002 -0.002 -0.0010899 7.5783e-05 -8.9954e-05
-0.003 0.002 -0.003 -0.0011146 7.9168e-05 -0.00012917
-0.003 0.002 -0.004 -0.0011367 8.2385e-05 -0.00017068
-0.003 0.002 -0.005 -0.0011562 8.5437e-05 -0.00021447
-0.003 0.003 -0.005 -0.0011398 0.00014184 -0.00021542
-0.003 0.003 -0.004 -0.0011209 0.00013602 -0.00017233
-0.003 0.003 -0.003 -0.0010994 0.00013012 -0.00013141
-0.003 0.003 -0.002 -0.0010754 0.00012412 -9.2665e-05
-0.003 0.003 -0.001 -0.0010488 0.00011803 -5.6095e-05
-0.003 0.003 0 -0.0010197 0.00011185 -2.1699e-05
-0.003 0.003 0.001 -0.0009881 0.00010558 1.0523e-05
-0.003 0.003 0.002 -0.00095391 9.9219e-05 4.057e-05
-0.003 0.003 0.003 -0.00091718 9.2767e-05 6.8443e-05
-0.003 0.003 0.004 -0.00087792 8.6223e-05 9.4142e-05
-0.003 0.003 0.005 -0.00083611 7.9589e-05 0.00011767
-0.003 0.004 0.005 -0.00082554 0.00011232 0.000113
-0.003 0.004 0.004 -0.00086571 0.00012085 8.8801e-05
-0.003 0.004 0.003 -0.00090339 0.00012942 6.2658e-05
-0.003 0.004 0.002 -0.0009386 0.00013804 3.4574e-05
-0.003 0.004 0.001 -0.00097132 0.00014669 4.5482e-06
-0.003 0.004 0 -0.0010016 0.00015539 -2.7419e-05
-0.003 0.004 -0.001 -0.0010293 0.00016413 -6.1328e-05
-0.003 0.004 -0.002 -0.0010546 0.00017291 -9.7178e-05
-0.003 0.004 -0.003 -0.0010774 0.00018174 -0.00013497
-0.003 0.004 -0.004 -0.0010977 0.0001906 -0.0001747
-0.003 0.004 -0.005 -0.0011155 0.00019951 -0.00021638
-0.003 0.005 -0.005 -0.0010832 0.00025845 -0.00021734
-0.003 0.005 -0.004 -0.001067 0.00024612 -0.0001778
-0.003 0.005 -0.003 -0.0010484 0.00023403 -0.00013985
-0.003 0.005 -0.002 -0.0010274 0.00022217 -0.00010349
-0.003 0.005 -0.001 -0.0010039 0.00021054 -6.8716e-05
-0.003 0.005 0 -0.00097794 0.00019914 -3.5528e-05
-0.003 0.005 0.001 -0.00094954 0.00018797 -3.9274e-06
-0.003 0.005 0.002 -0.00091869 0.00017704 2.6086e-05
-0.003 0.005 0.003 -0.0008854 0.00016633 5.4513e-05
-0.003 0.005 0.004 -0.00084965 0.00015586 8.1352e-05
-0.003 0.005 0.005 -0.00081145 0.00014562 0.0001066
-0.002 0.005 0.005 -0.00086621 0.00016357 0.00015616
-0.002 0.005 0.004 -0.00090991 0.00017617 0.00013164
-0.002 0.005 0.003 -0.00095081 0.00018884 0.00010471
-0.002 0.005 0.002 -0.00098892 0.00020159 7.5375e-05
-0.002 0.005 0.001 -0.0010242 0.0002144 4.3636e-05
-0.002 0.005 0 -0.0010567 0.00022729 9.4917e-06
-0.002 0.005 -0.001 -0.0010865 0.00024024 -2.7057e-05
-0.002 0.005 -0.002 -0.0011134 0.00025327 -6.6011e-05
-0.002 0.005 -0.003 -0.0011375 0.00026636 -0.00010737
-0.002 0.005 -0.004 -0.0011589 0.00027953 -0.00015113
-0.002 0.005 -0.005 -0.0011774 0.00029276 -0.0001973
-0.002 0.004 -0.005 -0.001212 0.00022795 -0.00019015
-0.002 0.004 -0.004 -0.0011919 0.00021799 -0.00014311
-0.002 0.004 -0.003 -0.0011689 0.00020798 -9.8635e-05
-0.002 0.004 -0.002 -0.001143 0.00019793 -5.6723e-05
-0.002 0.004 -0.001 -0.0011142 0.00018782 -1.7374e-05
-0.002 0.004 0 -0.0010826 0.00017767 1.941e-05
-0.002 0.004 0.001 -0.001048 0.00016747 5.3632e-05
-0.002 0.004 0.002 -0.0010106 0.00015722 8.5289e-05
-0.002 0.004 0.003 -0.00097035 0.00014693 0.00011438
-0.002 0.004 0.004 -0.00092718 0.00013658 0.00014091
-0.002 0.004 0.005 -0.00088113 0.00012619 0.00016488
-0.002 0.003 0.005 -0.00089243 8.9453e-05 0.00017144
-0.002 0.003 0.004 -0.00094039 9.748e-05 0.00014784
-0.002 0.003 0.003 -0.00098538 0.00010538 0.00012158
-0.002 0.003 0.002 -0.0010274 0.00011315 9.2647e-05
-0.002 0.003 0.001 -0.0010664 0.00012079 6.1045e-05
-0.002 0.003 0 -0.0011025 0.00012831 2.6772e-05
-0.002 0.003 -0.001 -0.0011356 0.00013569 -1.0171e-05
-0.002 0.003 -0.002 -0.0011657 0.00014295 -4.9784e-05
-0.002 0.003 -0.003 -0.0011929 0.00015008 -9.2067e-05
-0.002 0.003 -0.004 -0.0012171 0.00015709 -0.00013702
-0.002 0.003 -0.005 -0.0012383 0.00016396 -0.00018464
-0.002 0.002 -0.005 -0.0012563 0.0001008 -0.00018078
-0.002 0.002 -0.004 -0.0012345 9.6818e-05 -0.00013286
-0.002 0.002 -0.003 -0.0012096 9.2663e-05 -8.7666e-05
-0.002 0.002 -0.002 -0.0011816 8.834e-05 -4.5195e-05
-0.002 0.002 -0.001 -0.0011506 8.3849e-05 -5.4477e-06
-0.002 0.002 0 -0.0011165 7.9189e-05 3.1576e-05
-0.002 0.002 0.001 -0.0010794 7.4361e-05 6.5875e-05
-0.002 0.002 0.002 -0.0010392 6.9364e-05 9.7451e-05
-0.002 0.002 0.003 -0.00099588 6.42e-05 0.0001263
-0.002 0.002 0.004 -0.00094953 5.8867e-05 0.00015243
-0.002 0.002 0.005 -0.00090011 5.3365e-05 0.00017583
-0.002 0.001 0.005 -0.00090417 1.7925e-05 0.00017807
-0.002 0.001 0.004 -0.0009546 2.0742e-05 0.00015467
-0.002 0.001 0.003 -0.0010019 2.339e-05 0.00012855
-0.002 0.001 0.002 -0.001046 2.5868e-05 9.9699e-05
-0.002 0.001 0.001 -0.0010869 2.8177e-05 6.8123e-05
-0.002 0.001 0 -0.0011247 3.0317e-05 3.3822e-05
-0.002 0.001 -0.001 -0.0011593 3.2288e-05 -3.2042e-06
-0.002 0.001 -0.002 -0.0011907 3.409e-05 -4.2956e-05
-0.002 0.001 -0.003 -0.001219 3.5722e-05 -8.5432e-05
-0.002 0.001 -0.004 -0.0012441 3.7185e-05 -0.00013063
-0.002 0.001 -0.005 -0.001266 3.8479e-05 -0.00017856
-0.002 0 -0.005 -0.0012674 -2.3016e-05 -0.00017799
-0.002 0 -0.004 -0.0012459 -2.1813e-05 -0.00013034
-0.002 0 -0.003 -0.001221 -2.074e-05 -8.5366e-05
-0.002 0 -0.002 -0.0011929 -1.9798e-05 -4.3066e-05
-0.002 0 -0.001 -0.0011616 -1.8987e-05 -3.4407e-06
-0.002 0 0 -0.0011269 -1.8307e-05 3.3511e-05
-0.002 0 0.001 -0.001089 -1.7758e-05 6.7788e-05
-0.002 0 0.002 -0.0010478 -1.7339e-05 9.9391e-05
-0.002 0 0.003 -0.0010033 -1.7052e-05 0.00012832
-0.002 0 0.004 -0.00095561 -1.6895e-05 0.00015458
-0.002 0 0.005 -0.00090461 -1.6869e-05 0.00017816
-0.002 -0.001 0.005 -0.00090142 -5.1015e-05 0.00017608
-0.002 -0.001 0.004 -0.00095254 -5.4043e-05 0.00015213
-0.002 -0.001 0.003 -0.0010003 -5.7124e-05 0.00012562
-0.002 -0.001 0.002 -0.0010446 -6.0257e-05 9.6529e-05
-0.002 -0.001 0.001 -0.0010856 -6.3444e-05 6.4871e-05
-0.002 -0.001 0 -0.0011232 -6.6684e-05 3.0642e-05
-0.002 -0.001 -0.001 -0.0011575 -6.9977e-05 -6.157e-06
-0.002 -0.001 -0.002 -0.0011883 -7.3324e-05 -4.5526e-05
-0.002 -0.001 -0.003 -0.0012158 -7.6723e-05 -8.7466e-05
-0.002 -0.001 -0.004 -0.0012399 -8.0175e-05 -0.00013198
-0.002 -0.001 -0.005 -0.0012606 -8.368e-05 -0.00017906
-0.002 -0.002 -0.005 -0.0012455 -0.00014351 -0.00018177
-0.002 -0.002 -0.004 -0.0012261 -0.0001379 -0.00013555
-0.002 -0.002 -0.003 -0.0012032 -0.00013223 -9.1734e-05
-0.002 -0.002 -0.002 -0.0011769 -0.00012649 -5.0336e-05
-0.002 -0.002 -0.001 -0.001147 -0.00012068 -1.1353e-05
-0.002 -0.002 0 -0.0011137 -0.00011481 2.5216e-05
-0.002 -0.002 0.001 -0.0010769 -0.00010888 5.9371e-05
-0.002 -0.002 0.002 -0.0010365 -0.00010289 9.1111e-05
-0.002 -0.002 0.003 -0.00099271 -9.6827e-05 0.00012044
-0.002 -0.002 0.004 -0.00094541 -9.0703e-05 0.00014735
-0.002 -0.002 0.005 -0.00089461 -8.4515e-05 0.00017185
-0.002 -0.003 0.005 -0.00088419 -0.00011737 0.00016546
-0.002 -0.003 0.004 -0.00093421 -0.00012687 0.00014022
-0.002 -0.003 0.003 -0.00098062 -0.00013616 0.00011278
-0.002 -0.003 0.002 -0.0010234 -0.00014523 8.3138e-05
-0.002 -0.003 0.001 -0.0010626 -0.00015407 5.1288e-05
-0.002 -0.003 0 -0.0010982 -0.0001627 1.7232e-05
-0.002 -0.003 -0.001 -0.0011302 -0.0001711 -1.9029e-05
-0.002 -0.003 -0.002 -0.0011586 -0.00017929 -5.7496e-05
-0.002 -0.003 -0.003 -0.0011834 -0.00018725 -9.8169e-05
-0.002 -0.003 -0.004 -0.0012045 -0.00019499 -0.00014105
-0.002 -0.003 -0.005 -0.0012221 -0.00020252 -0.00018613
-0.002 -0.004 -0.005 -0.0011904 -0.00026069 -0.00019213
-0.002 -0.004 -0.004 -0.0011751 -0.00025145 -0.00014848
-0.002 -0.004 -0.003 -0.0011562 -0.0002418 -0.00010677
-0.002 -0.004 -0.002 -0.0011335 -0.00023172 -6.7006e-05
-0.002 -0.004 -0.001 -0.001107 -0.00022124 -2.9185e-05
-0.002 -0.004 0 -0.0010769 -0.00021033 6.6909e-06
-0.002 -0.004 0.001 -0.001043 -0.00019901 4.0623e-05
-0.002 -0.004 0.002 -0.0010054 -0.00018728 7.261e-05
-0.002 -0.004 0.003 -0.00096402 -0.00017513 0.00010265
-0.002 -0.004 0.004 -0.00091894 -0.00016256 0.00013075
-0.002 -0.004 0.005 -0.00087014 -0.00014957 0.00015691
-0.002 -0.005 0.005 -0.00085246 -0.00018113 0.0001462
-0.002 -0.005 0.004 -0.0008996 -0.00019775 0.00011894
-0.002 -0.005 0.003 -0.00094289 -0.00021372 9.0047e-05
-0.002 -0.005 0.002 -0.00098232 -0.00022904 5.9527e-05
-0.002 -0.005 0.001 -0.0010179 -0.00024371 2.7375e-05
-0.002 -0.005 0 -0.0010496 -0.00025772 -6.4078e-06
-0.002 -0.005 -0.001 -0.0010775 -0.00027109 -4.1821e-05
-0.002 -0.005 -0.002 -0.0011015 -0.0002838 -7.8865e-05
-0.002 -0.005 -0.003 -0.0011217 -0.00029586 -0.00011754
-0.002 -0.005 -0.004 -0.001138 -0.00030727 -0.00015785
-0.002 -0.005 -0.005 -0.0011504 -0.00031803 -0.00019978
-0.001 -0.005 -0.005 -0.0012673 -0.00036926 -0.0001874
-0.001 -0.005 -0.004 -0.0012491 -0.0003543 -0.00013307
-0.001 -0.005 -0.003 -0.0012271 -0.00033896 -8.2143e-05
-0.001 -0.005 -0.002 -0.0012012 -0.00032326 -3.4617e-05
-0.001 -0.005 -0.001 -0.0011715 -0.00030719 9.5088e-06
-0.001 -0.005 0 -0.001138 -0.00029075 5.0234e-05
-0.001 -0.005 0.001 -0.0011006 -0.00027394 8.7558e-05
-0.001 -0.005 0.002 -0.0010593 -0.00025676 0.00012148
-0.001 -0.005 0.003 -0.0010142 -0.00023921 0.000152
-0.001 -0.005 0.004 -0.00096524 -0.0002213 0.00017913
-0.001 -0.005 0.005 -0.00091244 -0.00020302 0.00020285
-0.001 -0.004 0.005 -0.00093089 -0.00016742 0.00021548
-0.001 -0.004 0.004 -0.00098591 -0.00018179 0.00019207
-0.001 -0.004 0.003 -0.0010371 -0.00019594 0.00016525
-0.001 -0.004 0.002 -0.0010846 -0.00020987 0.00013502
-0.001 -0.004 0.001 -0.0011282 -0.00022358 0.00010139
-0.001 -0.004 0 -0.0011681 -0.00023707 6.434e-05
-0.001 -0.004 -0.001 -0.0012041 -0.00025035 2.3886e-05
-0.001 -0.004 -0.002 -0.0012364 -0.0002634 -1.9977e-05
-0.001 -0.004 -0.003 -0.0012649 -0.00027624 -6.7249e-05
-0.001 -0.004 -0.004 -0.0012896 -0.00028885 -0.00011793
-0.001 -0.004 -0.005 -0.0013105 -0.00030125 -0.00017202
-0.001 -0.003 -0.005 -0.0013446 -0.00023269 -0.00015977
-0.001 -0.003 -0.004 -0.0013215 -0.00022297 -0.00010588
-0.001 -0.003 -0.003 -0.0012946 -0.00021315 -5.5409e-05
-0.001 -0.003 -0.002 -0.001264 -0.00020323 -8.3503e-06
-0.001 -0.003 -0.001 -0.0012297 -0.00019322 3.5295e-05
-0.001 -0.003 0 -0.0011916 -0.00018311 7.5526e-05
-0.001 -0.003 0.001 -0.0011499 -0.00017291 0.00011234
-0.001 -0.003 0.002 -0.0011044 -0.00016261 0.00014575
-0.001 -0.003 0.003 -0.0010551 -0.00015222 0.00017574
-0.001 -0.003 0.004 -0.0010022 -0.00014173 0.00020231
-0.001 -0.003 0.005 -0.00094549 -0.00013115 0.00022548
-0.001 -0.002 0.005 -0.00095624 -9.421e-05 0.00023284
-0.001 -0.002 0.004 -0.0010141 -0.00010113 0.00020986
-0.001 -0.002 0.003 -0.0010682 -0.00010806 0.00018347
-0.001 -0.002 0.002 -0.0011187 -0.00011498 0.00015366
-0.001 -0.002 0.001 -0.0011655 -0.00012192 0.00012043
-0.001 -0.002 0 -0.0012087 -0.00012885 8.3792e-05
-0.001 -0.002 -0.001 -0.0012482 -0.0001358 4.3736e-05
-0.001 -0.002 -0.002 -0.001284 -0.00014274 2.6469e-07
-0.001 -0.002 -0.003 -0.0013162 -0.00014969 -4.6622e-05
-0.001 -0.002 -0.004 -0.0013447 -0.00015664 -9.6924e-05
-0.001 -0.002 -0.005 -0.0013696 -0.0001636 -0.00015064
-0.001 -0.001 -0.005 -0.0013854 -9.3973e-05 -0.00014464
-0.001 -0.001 -0.004 -0.0013594 -8.9883e-05 -9.1057e-05
-0.001 -0.001 -0.003 -0.0013297 -8.5872e-05 -4.0888e-05
-0.001 -0.001 -0.002 -0.0012965 -8.1939e-05 5.8675e-06
-0.001 -0.001 -0.001 -0.0012596 -7.8084e-05 4.9209e-05
-0.001 -0.001 0 -0.0012192 -7.4307e-05 8.9137e-05
-0.001 -0.001 0.001 -0.0011752 -7.0609e-05 0.00012565
-0.001 -0.001 0.002 -0.0011276 -6.6988e-05 0.00015875
-0.001 -0.001 0.003 -0.0010763 -6.3446e-05 0.00018844
-0.001 -0.001 0.004 -0.0010215 -5.9983e-05 0.00021471
-0.001 -0.001 0.005 -0.00096313 -5.6597e-05 0.00023757
-0.001 0 0.005 -0.00096617 -1.8312e-05 0.00023966
-0.001 0 0.004 -0.0010246 -1.8289e-05 0.00021686
-0.001 0 0.003 -0.0010795 -1.8393e-05 0.00019065
-0.001 0 0.002 -0.0011309 -1.8624e-05 0.00016103
-0.001 0 0.001 -0.0011788 -1.8982e-05 0.000128
-0.001 0 0 -0.0012232 -1.9468e-05 9.1563e-05
-0.001 0 -0.001 -0.001264 -2.0081e-05 5.1715e-05
-0.001 0 -0.002 -0.0013013 -2.0821e-05 8.4582e-06
-0.001 0 -0.003 -0.0013351 -2.1689e-05 -3.8208e-05
-0.001 0 -0.004 -0.0013654 -2.2683e-05 -8.8283e-05
-0.001 0 -0.005 -0.0013922 -2.3806e-05 -0.00014177
-0.001 0.001 -0.005 -0.0013898 4.69e-05 -0.00014202
-0.001 0.001 -0.004 -0.0013628 4.4955e-05 -8.8599e-05
-0.001 0.001 -0.003 -0.0013325 4.2859e-05 -3.858e-05
-0.001 0.001 -0.002 -0.0012986 4.0612e-05 8.0368e-06
-0.001 0.001 -0.001 -0.0012614 3.8213e-05 5.1253e-05
-0.001 0.001 0 -0.0012207 3.5663e-05 9.1068e-05
-0.001 0.001 0.001 -0.0011765 3.2962e-05 0.00012748
-0.001 0.001 0.002 -0.0011289 3.0109e-05 0.00016049
-0.001 0.001 0.003 -0.0010778 2.7106e-05 0.0001901
-0.001 0.001 0.004 -0.0010233 2.3951e-05 0.00021631
-0.001 0.001 0.005 -0.00096536 2.0644e-05 0.00023912
-0.001 0.002 0.005 -0.00096069 6.0272e-05 0.00023595
-0.001 0.002 0.004 -0.0010176 6.6736e-05 0.00021307
-0.001 0.002 0.003 -0.0010712 7.3049e-05 0.0001868
-0.001 0.002 0.002 -0.0011213 7.9211e-05 0.00015714
-0.001 0.002 0.001 -0.0011681 8.5224e-05 0.00012409
-0.001 0.002 0 -0.0012116 9.1086e-05 8.7652e-05
-0.001 0.002 -0.001 -0.0012517 9.6798e-05 4.7823e-05
-0.001 0.002 -0.002 -0.0012884 0.00010236 4.6033e-06
-0.001 0.002 -0.003 -0.0013217 0.00010777 -4.2007e-05
-0.001 0.002 -0.004 -0.0013516 0.00011303 -9.2007e-05
-0.001 0.002 -0.005 -0.0013782 0.00011814 -0.0001454
-0.001 0.003 -0.005 -0.0013576 0.00018993 -0.0001519
-0.001 0.003 -0.004 -0.0013318 0.00018155 -9.8505e-05
-0.001 0.003 -0.003 -0.0013028 0.00017305 -4.8486e-05
-0.001 0.003 -0.002 -0.0012705 0.00016442 -1.8424e-06
-0.001 0.003 -0.001 -0.0012349 0.00015567 4.1425e-05
-0.001 0.003 0 -0.001196 0.0001468 8.1317e-05
-0.001 0.003 0.001 -0.0011538 0.0001378 0.00011783
-0.001 0.003 0.002 -0.0011083 0.00012868 0.00015097
-0.001 0.003 0.003 -0.0010596 0.00011944 0.00018074
-0.001 0.003 0.004 -0.0010075 0.00011007 0.00020712
-0.001 0.003 0.005 -0.00095217 0.00010057 0.00023014
-0.001 0.004 0.005 -0.0009398 0.00014154 0.00022169
-0.001 0.004 0.004 -0.00099302 0.00015394 0.00019848
-0.001 0.004 0.003 -0.001043 0.00016627 0.00017191
-0.001 0.004 0.002 -0.0010899 0.00017852 0.00014199
-0.001 0.004 0.001 -0.0011335 0.0001907 0.0001087
-0.001 0.004 0 -0.0011739 0.00020281 7.2061e-05
-0.001 0.004 -0.001 -0.0012111 0.00021484 3.206e-05
-0.001 0.004 -0.002 -0.0012451 0.0002268 -1.13e-05
-0.001 0.004 -0.003 -0.0012759 0.00023869 -5.8019e-05
-0.001 0.004 -0.004 -0.0013034 0.0002505 -0.0001081
-0.001 0.004 -0.005 -0.0013278 0.00026224 -0.00016153
-0.001 0.005 -0.005 -0.0012889 0.0003351 -0.00017429
-0.001 0.005 -0.004 -0.0012664 0.0003199 -0.00012078
-0.001 0.005 -0.003 -0.0012408 0.00030469 -7.0605e-05
-0.001 0.005 -0.002 -0.0012121 0.0002895 -2.377e-05
-0.001 0.005 -0.001 -0.0011802 0.0002743 1.9726e-05
-0.001 0.005 0 -0.0011452 0.00025911 5.9885e-05
-0.001 0.005 0.001 -0.0011071 0.00024392 9.6706e-05
-0.001 0.005 0.002 -0.0010659 0.00022873 0.00013019
-0.001 0.005 0.003 -0.0010216 0.00021355 0.00016033
-0.001 0.005 0.004 -0.00097413 0.00019836 0.00018714
-0.001 0.005 0.005 -0.00092357 0.00018319 0.00021061
0 0.005 0.005 -0.00098352 0.00020448 0.00026995
0 0.005 0.004 -0.0010423 0.00022245 0.00024786
0 0.005 0.003 -0.0010977 0.00024044 0.00022139
0 0.005 0.002 -0.0011497 0.00025846 0.00019053
0 0.005 0.001 -0.0011982 0.00027652 0.00015528
0 0.005 0 -0.0012434 0.0002946 0.00011565
0 0.005 -0.001 -0.0012851 0.00031271 7.1635e-05
0 0.005 -0.002 -0.0013234 0.00033086 2.3232e-05
0 0.005 -0.003 -0.0013583 0.00034903 -2.9557e-05
0 0.005 -0.004 -0.0013897 0.00036723 -8.6732e-05
0 0.005 -0.005 -0.0014178 0.00038546 -0.00014829
0 0.004 -0.005 -0.001463 0.0003024 -0.00013052
0 0.004 -0.004 -0.0014324 0.00028815 -6.9657e-05
0 0.004 -0.003 -0.0013984 0.00027386 -1.3121e-05
0 0.004 -0.002 -0.0013608 0.00025954 3.909e-05
0 0.004 -0.001 -0.0013199 0.00024518 8.6974e-05
0 0.004 0 -0.0012755 0.0002308 0.00013053
0 0.004 0.001 -0.0012276 0.00021638 0.00016977
0 0.004 0.002 -0.0011762 0.00020193 0.00020467
0 0.004 0.003 -0.0011215 0.00018745 0.00023525
0 0.004 0.004 -0.0010632 0.00017294 0.00026151
0 0.004 0.005 -0.0010015 0.00015839 0.00028344
0 0.003 0.005 -0.0010153 0.00011295 0.00029377
0 0.003 0.004 -0.0010793 0.00012398 0.00027199
0 0.003 0.003 -0.0011397 0.00013494 0.00024591
0 0.003 0.002 -0.0011967 0.00014582 0.00021555
0 0.003 0.001 -0.0012502 0.00015661 0.00018089
0 0.003 0 -0.0013002 0.00016733 0.00014194
0 0.003 -0.001 -0.0013467 0.00017797 9.8694e-05
0 0.003 -0.002 -0.0013897 0.00018853 5.1159e-05
0 0.003 -0.003 -0.0014293 0.00019901 -6.6715e-07
0 0.003 -0.004 -0.0014653 0.00020941 -5.6786e-05
0 0.003 -0.005 -0.0014978 0.00021973 -0.0001172
0 0.002 -0.005 -0.0015221 0.00013745 -0.00010832
0 0.002 -0.004 -0.0014883 0.00013103 -4.8119e-05
0 0.002 -0.003 -0.0014509 0.00012449 7.8032e-06
0 0.002 -0.002 -0.00141 0.00011784 5.9441e-05
0 0.002 -0.001 -0.0013656 0.00011108 0.00010679
0 0.002 0 -0.0013176 0.00010421 0.00014986
0 0.002 0.001 -0.0012662 9.722e-05 0.00018865
0 0.002 0.002 -0.0012111 9.0121e-05 0.00022315
0 0.002 0.003 -0.0011526 8.2909e-05 0.00025336
0 0.002 0.004 -0.0010905 7.5586e-05 0.00027929
0 0.002 0.005 -0.0010249 6.8149e-05 0.00030094
0 0.001 0.005 -0.0010303 2.3997e-05 0.00030494
0 0.001 0.004 -0.0010969 2.7743e-05 0.00028342
0 0.001 0.003 -0.00116 3.1359e-05 0.0002576
0 0.001 0.002 -0.0012195 3.4844e-05 0.00022747
0 0.001 0.001 -0.0012754 3.8197e-05 0.00019304
0 0.001 0 -0.0013278 4.142e-05 0.00015431
0 0.001 -0.001 -0.0013765 4.4511e-05 0.00011127
0 0.001 -0.002 -0.0014217 4.7471e-05 6.3934e-05
0 0.001 -0.003 -0.0014634 5.03e-05 1.2291e-05
0 0.001 -0.004 -0.0015014 5.2997e-05 -4.3656e-05
0 0.001 -0.005 -0.0015359 5.5564e-05 -0.00010391
0 0 -0.005 -0.0015392 -2.5937e-05 -0.00010394
0 0 -0.004 -0.0015047 -2.4684e-05 -4.3398e-05
0 0 -0.003 -0.0014666 -2.3566e-05 1.2795e-05
0 0 -0.002 -0.0014249 -2.2585e-05 6.4639e-05
0 0 -0.001 -0.0013795 -2.1739e-05 0.00011213
0 0 0 -0.0013306 -2.1028e-05 0.00015528
0 0 0.001 -0.001278 -2.0454e-05 0.00019408
0 0 0.002 -0.0012218 -2.0014e-05 0.00022853
0 0 0.003 -0.001162 -1.9711e-05 0.00025863
0 0 0.004 -0.0010985 -1.9543e-05 0.00028438
0 0 0.005 -0.0010315 -1.9511e-05 0.00030579
0 -0.001 0.005 -0.0010284 -6.2373e-05 0.00030347
0 -0.001 0.004 -0.0010953 -6.6274e-05 0.00028217
0 -0.001 0.003 -0.0011585 -7.0301e-05 0.00025645
0 -0.001 0.002 -0.001218 -7.4454e-05 0.00022631
0 -0.001 0.001 -0.0012738 -7.8733e-05 0.00019175
0 -0.001 0 -0.001326 -8.3137e-05 0.00015277
0 -0.001 -0.001 -0.0013745 -8.7668e-05 0.00010937
0 -0.001 -0.002 -0.0014194 -9.2324e-05 6.1555e-05
0 -0.001 -0.003 -0.0014606 -9.7106e-05 9.3159e-06
0 -0.001 -0.004 -0.0014981 -0.00010201 -4.7344e-05
0 -0.001 -0.005 -0.001532 -0.00010705 -0.00010842
0 -0.002 -0.005 -0.0015143 -0.00018777 -0.00011736
0 -0.002 -0.004 -0.0014817 -0.00017899 -5.5494e-05
0 -0.002 -0.003 -0.0014454 -0.00017032 1.854e-06
0 -0.002 -0.002 -0.0014054 -0.00016175 5.4684e-05
0 -0.002 -0.001 -0.0013616 -0.00015328 0.000103
0 -0.002 0 -0.0013142 -0.00014491 0.00014679
0 -0.002 0.001 -0.001263 -0.00013664 0.00018606
0 -0.002 0.002 -0.0012081 -0.00012848 0.00022082
0 -0.002 0.003 -0.0011495 -0.00012041 0.00025106
0 -0.002 0.004 -0.0010872 -0.00011245 0.00027678
0 -0.002 0.005 -0.0010212 -0.00010459 0.00029798
0 -0.003 0.005 -0.0010097 -0.00014616 0.00028934
0 -0.003 0.004 -0.0010743 -0.00015807 0.00026822
0 -0.003 0.003 -0.0011352 -0.00017004 0.00024246
0 -0.003 0.002 -0.0011922 -0.00018208 0.00021206
0 -0.003 0.001 -0.0012455 -0.00019418 0.00017701
0 -0.003 0 -0.001295 -0.00020634 0.00013733
0 -0.003 -0.001 -0.0013408 -0.00021856 9.2997e-05
0 -0.003 -0.002 -0.0013827 -0.00023085 4.4024e-05
0 -0.003 -0.003 -0.0014209 -0.0002432 -9.591e-06
0 -0.003 -0.004 -0.0014554 -0.00025562 -6.7849e-05
0 -0.003 -0.005 -0.001486 -0.0002681 -0.00013075
0 -0.004 -0.005 -0.0014473 -0.00034804 -0.00014859
0 -0.004 -0.004 -0.0014192 -0.0003319 -8.4408e-05
0 -0.004 -0.003 -0.0013873 -0.00031576 -2.5019e-05
0 -0.004 -0.002 -0.0013515 -0.00029964 2.9576e-05
0 -0.004 -0.001 -0.0013119 -0.00028353 7.9379e-05
0 -0.004 0 -0.0012685 -0.00026743 0.00012439
0 -0.004 0.001 -0.0012213 -0.00025134 0.0001646
0 -0.004 0.002 -0.0011702 -0.00023526 0.00020002
0 -0.004 0.003 -0.0011153 -0.00021919 0.00023065
0 -0.004 0.004 -0.0010566 -0.00020313 0.00025649
0 -0.004 0.005 -0.00099409 -0.00018708 0.00027753
0 -0.005 0.005 -0.00097423 -0.00022736 0.00026256
0 -0.005 0.004 -0.0010341 -0.00024764 0.00024158
0 -0.005 0.003 -0.0010901 -0.00026786 0.00021564
0 -0.005 0.002 -0.0011422 -0.00028803 0.00018472
0 -0.005 0.001 -0.0011904 -0.00030813 0.00014883
0 -0.005 0 -0.0012347 -0.00032819 0.00010797
0 -0.005 -0.001 -0.0012752 -0.00034818 6.214e-05
0 -0.005 -0.002 -0.0013117 -0.00036812 1.134e-05
0 -0.005 -0.003 -0.0013444 -0.000388 -4.443e-05
0 -0.005 -0.004 -0.0013732 -0.00040782 -0.00010517
0 -0.005 -0.005 -0.0013981 -0.00042759 -0.00017088
0.001 -0.005 -0.005 -0.0015428 -0.00049302 -0.00015024
0.001 -0.005 -0.004 -0.0015102 -0.00046785 -7.415e-05
0.001 -0.005 -0.003 -0.0014735 -0.00044297 -4.4022e-06
0.001 -0.005 -0.002 -0.0014329 -0.00041838 5.9006e-05
0.001 -0.005 -0.001 -0.0013884 -0.00039407 0.00011607
0.001 -0.005 0 -0.0013399 -0.00037004 0.0001668
0.001 -0.005 0.001 -0.0012874 -0.0003463 0.00021119
0.001 -0.005 0.002 -0.0012309 -0.00032284 0.00024924
0.001 -0.005 0.003 -0.0011705 -0.00029967 0.00028094
0.001 -0.005 0.004 -0.0011062 -0.00027678 0.00030631
0.001 -0.005 0.005 -0.0010378 -0.00025417 0.00032534
0.001 -0.004 0.005 -0.0010597 -0.00020857 0.00034306
0.001 -0.004 0.004 -0.0011311 -0.00022659 0.00032401
0.001 -0.004 0.003 -0.0011987 -0.00024488 0.00029886
0.001 -0.004 0.002 -0.0012624 -0.00026345 0.00026762
0.001 -0.004 0.001 -0.0013222 -0.00028229 0.00023027
0.001 -0.004 0 -0.0013783 -0.00030141 0.00018683
0.001 -0.004 -0.001 -0.0014304 -0.00032079 0.00013729
0.001 -0.004 -0.002 -0.0014788 -0.00034045 8.1656e-05
0.001 -0.004 -0.003 -0.0015233 -0.00036038 1.992e-05
0.001 -0.004 -0.004 -0.001564 -0.00038059 -4.7915e-05
0.001 -0.004 -0.005 -0.0016008 -0.00040107 -0.00012185
0.001 -0.003 -0.005 -0.0016463 -0.00030873 -9.9078e-05
0.001 -0.003 -0.004 -0.0016062 -0.00029295 -2.695e-05
0.001 -0.003 -0.003 -0.0015624 -0.00027743 3.9285e-05
0.001 -0.003 -0.002 -0.0015148 -0.00026216 9.9627e-05
0.001 -0.003 -0.001 -0.0014634 -0.00024715 0.00015408
0.001 -0.003 0 -0.0014084 -0.00023238 0.00020264
0.001 -0.003 0.001 -0.0013496 -0.00021788 0.0002453
0.001 -0.003 0.002 -0.001287 -0.00020362 0.00028207
0.001 -0.003 0.003 -0.0012207 -0.00018963 0.00031295
0.001 -0.003 0.004 -0.0011507 -0.00017588 0.00033794
0.001 -0.003 0.005 -0.0010769 -0.00016239 0.00035704
0.001 -0.002 0.005 -0.0010895 -0.00011565 0.00036727
0.001 -0.002 0.004 -0.0011649 -0.00012466 0.00034811
0.001 -0.002 0.003 -0.0012367 -0.00013389 0.00032322
0.001 -0.002 0.002 -0.0013049 -0.00014336 0.0002926
0.001 -0.002 0.001 -0.0013694 -0.00015305 0.00025627
0.001 -0.002 0 -0.0014302 -0.00016297 0.00021421
0.001 -0.002 -0.001 -0.0014874 -0.00017312 0.00016643
0.001 -0.002 -0.002 -0.0015409 -0.0001835 0.00011292
0.001 -0.002 -0.003 -0.0015907 -0.00019411 5.3693e-05
0.001 -0.002 -0.004 -0.0016369 -0.00020495 -1.1257e-05
0.001 -0.002 -0.005 -0.0016795 -0.00021601 -8.1931e-05
0.001 -0.001 -0.005 -0.0017002 -0.0001229 -7.0406e-05
0.001 -0.001 -0.004 -0.0016561 -0.00011657 -8.3534e-07
0.001 -0.001 -0.003 -0.0016084 -0.00011042 6.3146e-05
0.001 -0.001 -0.002 -0.0015571 -0.00010448 0.00012154
0.001 -0.001 -0.001 -0.0015022 -9.8729e-05 0.00017434
0.001 -0.001 0 -0.0014437 -9.3175e-05 0.00022155
0.001 -0.001 0.001 -0.0013816 -8.7817e-05 0.00026317
0.001 -0.001 0.002 -0.001316 -8.2654e-05 0.00029921
0.001 -0.001 0.003 -0.0012467 -7.7688e-05 0.00032965
0.001 -0.001 0.004 -0.0011738 -7.2917e-05 0.00035451
0.001 -0.001 0.005 -0.0010973 -6.8342e-05 0.00037377
0.001 0 0.005 -0.0011005 -2.0464e-05 0.00037652
0.001 0 0.004 -0.0011773 -2.0657e-05 0.00035714
0.001 0 0.003 -0.0012506 -2.1006e-05 0.00033226
0.001 0 0.002 -0.0013203 -2.1511e-05 0.00030189
0.001 0 0.001 -0.0013864 -2.2172e-05 0.00026602
0.001 0 0 -0.001449 -2.2988e-05 0.00022467
0.001 0 -0.001 -0.001508 -2.3961e-05 0.00017782
0.001 0 -0.002 -0.0015635 -2.5089e-05 0.00012548
0.001 0 -0.003 -0.0016154 -2.6373e-05 6.7641e-05
0.001 0 -0.004 -0.0016637 -2.7813e-05 4.3153e-06
0.001 0 -0.005 -0.0017085 -2.9409e-05 -6.4503e-05
0.001 0.001 -0.005 -0.0017044 6.4471e-05 -6.4223e-05
0.001 0.001 -0.004 -0.0016598 6.1312e-05 4.1948e-06
0.001 0.001 -0.003 -0.0016117 5.8044e-05 6.7181e-05
0.001 0.001 -0.002 -0.00156 5.4667e-05 0.00012474
0.001 0.001 -0.001 -0.0015048 5.1181e-05 0.00017686
0.001 0.001 0 -0.001446 4.7587e-05 0.00022355
0.001 0.001 0.001 -0.0013837 4.3883e-05 0.00026481
0.001 0.001 0.002 -0.0013178 4.0071e-05 0.00030064
0.001 0.001 0.003 -0.0012484 3.615e-05 0.00033104
0.001 0.001 0.004 -0.0011755 3.2121e-05 0.000356
0.001 0.001 0.005 -0.001099 2.7982e-05 0.00037554
0.001 0.002 0.005 -0.0010928 7.6996e-05 0.00037081
0.001 0.002 0.004 -0.0011683 8.5416e-05 0.0003511
0.001 0.002 0.003 -0.0012402 9.3782e-05 0.00032599
0.001 0.002 0.002 -0.0013086 0.00010209 0.00029547
0.001 0.002 0.001 -0.0013734 0.00011035 0.00025954
0.001 0.002 0 -0.0014347 0.00011855 0.0002182
0.001 0.002 -0.001 -0.0014925 0.0001267 0.00017146
0.001 0.002 -0.002 -0.0015466 0.00013479 0.00011932
0.001 0.002 -0.003 -0.0015973 0.00014283 6.1763e-05
0.001 0.002 -0.004 -0.0016444 0.00015081 -1.197e-06
0.001 0.002 -0.005 -0.0016879 0.00015874 -6.9564e-05
0.001 0.003 -0.005 -0.001659 0.00025339 -8.0528e-05
0.001 0.003 -0.004 -0.0016174 0.00024068 -1.186e-05
0.001 0.003 -0.003 -0.0015722 0.00022797 5.139e-05
0.001 0.003 -0.002 -0.0015234 0.00021528 0.00010922
0.001 0.003 -0.001 -0.0014711 0.00020258 0.00016163
0.001 0.003 0 -0.0014152 0.0001899 0.00020863
0.001 0.003 0.001 -0.0013557 0.00017722 0.00025021
0.001 0.003 0.002 -0.0012926 0.00016455 0.00028637
0.001 0.003 0.003 -0.0012259 0.00015189 0.00031711
0.001 0.003 0.004 -0.0011557 0.00013923 0.00034243
0.001 0.003 0.005 -0.0010819 0.00012658 0.00036234
0.001 0.004 0.005 -0.0010663 0.00017673 0.00035013
0.001 0.004 0.004 -0.0011378 0.00019356 0.00033
0.001 0.004 0.003 -0.0012056 0.00021047 0.0003044
0.001 0.004 0.002 -0.0012698 0.00022745 0.00027334
0.001 0.004 0.001 -0.0013304 0.00024451 0.00023682
0.001 0.004 0 -0.0013873 0.00026164 0.00019483
0.001 0.004 -0.001 -0.0014406 0.00027885 0.00014737
0.001 0.004 -0.002 -0.0014903 0.00029613 9.4447e-05
0.001 0.004 -0.003 -0.0015364 0.00031349 3.6059e-05
0.001 0.004 -0.004 -0.0015788 0.00033092 -2.7794e-05
0.001 0.004 -0.005 -0.0016176 0.00034842 -9.7113e-05
0.001 0.005 -0.005 -0.0015639 0.00044385 -0.00011932
0.001 0.005 -0.004 -0.0015288 0.00042153 -4.9e-05
0.001 0.005 -0.003 -0.0014899 0.00039936 1.5773e-05
0.001 0.005 -0.002 -0.0014474 0.00037735 7.4995e-05
0.001 0.005 -0.001 -0.0014011 0.00035548 0.00012867
0.001 0.005 0 -0.0013512 0.00033377 0.00017679
0.001 0.005 0.001 -0.0012976 0.0003122 0.00021937
0.001 0.005 0.002 -0.0012402 0.00029079 0.00025639
0.001 0.005 0.003 -0.0011792 0.00026952 0.00028787
0.001 0.005 0.004 -0.0011145 0.00024841 0.0003138
0.001 0.005 0.005 -0.0010461 0.00022745 0.00033417
0.002 0.005 0.005 -0.0011112 0.00025209 0.00040329
0.002 0.005 0.004 -0.0011906 0.00027626 0.00038495
0.002 0.005 0.003 -0.0012661 0.0003008 0.00035978
0.002 0.005 0.002 -0.0013376 0.0003257 0.00032778
0.002 0.005 0.001 -0.0014051 0.00035097 0.00028896
0.002 0.005 0 -0.0014687 0.0003766 0.00024331
0.002 0.005 -0.001 -0.0015283 0.0004026 0.00019083
0.002 0.005 -0.002 -0.001584 0.00042897 0.00013152
0.002 0.005 -0.003 -0.0016357 0.0004557 6.5384e-05
0.002 0.005 -0.004 -0.0016835 0.00048279 -7.5791e-06
0.002 0.005 -0.005 -0.0017274 0.00051025 -8.737e-05
0.002 0.004 -0.005 -0.0017916 0.00040031 -6.1315e-05
0.002 0.004 -0.004 -0.0017426 0.00037882 1.7492e-05
0.002 0.004 -0.003 -0.0016899 0.00035757 8.9521e-05
0.002 0.004 -0.002 -0.0016335 0.00033658 0.00015477
0.002 0.004 -0.001 -0.0015733 0.00031583 0.00021325
0.002 0.004 0 -0.0015095 0.00029534 0.00026494
0.002 0.004 0.001 -0.0014419 0.00027508 0.00030986
0.002 0.004 0.002 -0.0013705 0.00025508 0.000348
0.002 0.004 0.003 -0.0012955 0.00023533 0.00037936
0.002 0.004 0.004 -0.0012167 0.00021582 0.00040394
0.002 0.004 0.005 -0.0011342 0.00019656 0.00042175
0.002 0.003 0.005 -0.0011519 0.00014147 0.00043584
0.002 0.003 0.004 -0.0012368 0.00015581 0.00041846
0.002 0.003 0.003 -0.0013181 0.00017028 0.00039433
0.002 0.003 0.002 -0.0013959 0.00018489 0.00036344
0.002 0.003 0.001 -0.0014701 0.00019963 0.0003258
0.002 0.003 0 -0.0015408 0.00021451 0.0002814
0.002 0.003 -0.001 -0.001608 0.00022951 0.00023025
0.002 0.003 -0.002 -0.0016716 0.00024466 0.00017234
0.002 0.003 -0.003 -0.0017316 0.00025993 0.00010768
0.002 0.003 -0.004 -0.0017881 0.00027534 3.6271e-05
0.002 0.003 -0.005 -0.001841 0.00029089 -4.1896e-05
0.002 0.002 -0.005 -0.0018756 0.00018199 -2.9114e-05
0.002 0.002 -0.004 -0.0018199 0.00017237 4.8758e-05
0.002 0.002 -0.003 -0.0017608 0.00016277 0.00011987
0.002 0.002 -0.002 -0.0016982 0.0001532 0.00018423
0.002 0.002 -0.001 -0.0016322 0.00014364 0.00024184
0.002 0.002 0 -0.0015628 0.00013412 0.00029268
0.002 0.002 0.001 -0.0014899 0.00012461 0.00033677
0.002 0.002 0.002 -0.0014137 0.00011513 0.0003741
0.002 0.002 0.003 -0.001334 0.00010567 0.00040468
0.002 0.002 0.004 -0.0012508 9.6228e-05 0.00042849
0.002 0.002 0.005 -0.0011643 8.6814e-05 0.00044556
0.002 0.001 0.005 -0.0011714 3.26e-05 0.0004509
0.002 0.001 0.004 -0.0012589 3.7082e-05 0.00043405
0.002 0.001 0.003 -0.0013431 4.1479e-05 0.00041041
0.002 0.001 0.002 -0.0014239 4.5792e-05 0.00037999
0.002 0.001 0.001 -0.0015013 5.002e-05 0.00034278
0.002 0.001 0 -0.0015754 5.4164e-05 0.00029879
0.002 0.001 -0.001 -0.0016461 5.8224e-05 0.00024801
0.002 0.001 -0.002 -0.0017134 6.22e-05 0.00019044
0.002 0.001 -0.003 -0.0017774 6.6091e-05 0.00012609
0.002 0.001 -0.004 -0.001838 6.9898e-05 5.4954e-05
0.002 0.001 -0.005 -0.0018953 7.3621e-05 -2.2969e-05
0.002 0 -0.005 -0.0019001 -3.4222e-05 -2.346e-05
0.002 0 -0.004 -0.0018425 -3.2071e-05 5.4857e-05
0.002 0 -0.003 -0.0017815 -3.0108e-05 0.00012633
0.002 0 -0.002 -0.0017172 -2.8333e-05 0.00019097
0.002 0 -0.001 -0.0016495 -2.6746e-05 0.00024876
0.002 0 0 -0.0015785 -2.5347e-05 0.00029972
0.002 0 0.001 -0.0015042 -2.4136e-05 0.00034383
0.002 0 0.002 -0.0014265 -2.3113e-05 0.0003811
0.002 0 0.003 -0.0013454 -2.2278e-05 0.00041154
0.002 0 0.004 -0.001261 -2.1631e-05 0.00043513
0.002 0 0.005 -0.0011732 -2.1172e-05 0.00045188
0.002 -0.001 0.005 -0.0011698 -7.4505e-05 0.00044848
0.002 -0.001 0.004 -0.0012571 -7.9912e-05 0.00043172
0.002 -0.001 0.003 -0.001341 -8.5606e-05 0.00040804
0.002 -0.001 0.002 -0.0014215 -9.1589e-05 0.00037744
0.002 -0.001 0.001 -0.0014986 -9.786e-05 0.00033992
0.002 -0.001 0 -0.0015723 -0.00010442 0.00029547
0.002 -0.001 -0.001 -0.0016426 -0.00011127 0.0002441
0.002 -0.001 -0.002 -0.0017096 -0.0001184 0.00018581
0.002 -0.001 -0.003 -0.0017731 -0.00012583 0.0001206
0.002 -0.001 -0.004 -0.0018333 -0.00013354 4.8468e-05
0.002 -0.001 -0.005 -0.0018901 -0.00014154 -3.0588e-05
0.002 -0.002 -0.005 -0.0018652 -0.00024833 -4.4352e-05
0.002 -0.002 -0.004 -0.0018105 -0.0002345 3.5787e-05
0.002 -0.002 -0.003 -0.0017523 -0.00022106 0.0001089
0.002 -0.002 -0.002 -0.0016905 -0.00020801 0.00017498
0.002 -0.002 -0.001 -0.0016254 -0.00019534 0.00023403
0.002 -0.002 0 -0.0015567 -0.00018305 0.00028605
0.002 -0.002 0.001 -0.0014845 -0.00017115 0.00033104
0.002 -0.002 0.002 -0.0014089 -0.00015964 0.000369
0.002 -0.002 0.003 -0.0013298 -0.00014851 0.00039994
0.002 -0.002 0.004 -0.0012472 -0.00013776 0.00042384
0.002 -0.002 0.005 -0.0011611 -0.0001274 0.00044071
0.002 -0.003 0.005 -0.0011471 -0.00017985 0.00042857
0.002 -0.003 0.004 -0.0012313 -0.00019517 0.00041148
0.002 -0.003 0.003 -0.0013118 -0.00021097 0.00038721
0.002 -0.003 0.002 -0.0013887 -0.00022725 0.00035579
0.002 -0.003 0.001 -0.001462 -0.00024401 0.0003172
0.002 -0.003 0 -0.0015317 -0.00026125 0.00027145
0.002 -0.003 -0.001 -0.0015977 -0.00027896 0.00021854
0.002 -0.003 -0.002 -0.0016601 -0.00029715 0.00015846
0.002 -0.003 -0.003 -0.0017188 -0.00031582 9.1218e-05
0.002 -0.003 -0.004 -0.001774 -0.00033497 1.6814e-05
0.002 -0.003 -0.005 -0.0018255 -0.00035459 -6.4753e-05
0.002 -0.004 -0.005 -0.0017709 -0.00046033 -9.1791e-05
0.002 -0.004 -0.004 -0.0017238 -0.00043493 -8.4506e-06
0.002 -0.004 -0.003 -0.0016729 -0.0004101 6.7566e-05
0.002 -0.004 -0.002 -0.0016182 -0.00038583 0.00013626
0.002 -0.004 -0.001 -0.0015596 -0.00036213 0.00019763
0.002 -0.004 0 -0.0014972 -0.000339 0.00025168
0.002 -0.004 0.001 -0.001431 -0.00031644 0.0002984
0.002 -0.004 0.002 -0.001361 -0.00029444 0.0003378
0.002 -0.004 0.003 -0.0012871 -0.00027301 0.00036988
0.002 -0.004 0.004 -0.0012094 -0.00025215 0.00039463
0.002 -0.004 0.005 -0.0011278 -0.00023186 0.00041206
0.002 -0.005 0.005 -0.0011033 -0.00028344 0.00039118
0.002 -0.005 0.004 -0.0011815 -0.0003087 0.00037331
0.002 -0.005 0.003 -0.0012556 -0.00033463 0.00034793
0.002 -0.005 0.002 -0.0013256 -0.0003612 0.00031504
0.002 -0.005 0.001 -0.0013916 -0.00038843 0.00027464
0.002 -0.005 0 -0.0014534 -0.00041631 0.00022673
0.002 -0.005 -0.001 -0.0015112 -0.00044485 0.00017131
0.002 -0.005 -0.002 -0.0015649 -0.00047404 0.00010838
0.002 -0.005 -0.003 -0.0016145 -0.00050389 3.7941e-05
0.002 -0.005 -0.004 -0.00166 -0.00053439 -4.0007e-05
0.002 -0.005 -0.005 -0.0017014 -0.00056554 -0.00012547
0.003 -0.005 -0.005 -0.001874 -0.00064517 -9.6563e-05
0.003 -0.005 -0.004 -0.0018227 -0.00060743 -2.7423e-06
0.003 -0.005 -0.003 -0.0017673 -0.00057074 8.2599e-05
0.003 -0.005 -0.002 -0.0017076 -0.00053511 0.00015946
0.003 -0.005 -0.001 -0.0016436 -0.00050053 0.00022785
0.003 -0.005 0 -0.0015754 -0.000467 0.00028775
0.003 -0.005 0.001 -0.0015029 -0.00043453 0.00033918
0.003 -0.005 0.002 -0.0014262 -0.00040311 0.00038212
0.003 -0.005 0.003 -0.0013452 -0.00037274 0.00041659
0.003 -0.005 0.004 -0.00126 -0.00034342 0.00044258
0.003 -0.005 0.005 -0.0011705 -0.00031516 0.00046009
0.003 -0.004 0.005 -0.0011983 -0.00025698 0.00048454
0.003 -0.004 0.004 -0.0012914 -0.00027983 0.00046836
0.003 -0.004 0.003 -0.0013806 -0.00030358 0.0004437
0.003 -0.004 0.002 -0.001466 -0.00032823 0.00041058
0.003 -0.004 0.001 -0.0015477 -0.00035377 0.00036898
0.003 -0.004 0 -0.0016255 -0.00038021 0.00031892
0.003 -0.004 -0.001 -0.0016995 -0.00040754 0.00026039
0.003 -0.004 -0.002 -0.0017698 -0.00043577 0.00019339
0.003 -0.004 -0.003 -0.0018362 -0.0004649 0.00011792
0.003 -0.004 -0.004 -0.0018988 -0.00049492 3.3985e-05
0.003 -0.004 -0.005 -0.0019577 -0.00052583 -5.8421e-05
0.003 -0.003 -0.005 -0.0020235 -0.00040568 -2.7775e-05
0.003 -0.003 -0.004 -0.0019587 -0.00038166 6.3445e-05
0.003 -0.003 -0.003 -0.0018904 -0.00035838 0.00014621
0.003 -0.003 -0.002 -0.0018187 -0.00033582 0.00022052
0.003 -0.003 -0.001 -0.0017435 -0.00031401 0.00028637
0.003 -0.003 0 -0.0016649 -0.00029292 0.00034377
0.003 -0.003 0.001 -0.0015829 -0.00027258 0.00039272
0.003 -0.003 0.002 -0.0014974 -0.00025296 0.00043321
0.003 -0.003 0.003 -0.0014084 -0.00023409 0.00046524
0.003 -0.003 0.004 -0.001316 -0.00021594 0.00048882
0.003 -0.003 0.005 -0.0012202 -0.00019853 0.00050395
0.003 -0.002 0.005 -0.001236 -0.00013983 0.0005183
0.003 -0.002 0.004 -0.0013339 -0.00015175 0.00050398
0.003 -0.002 0.003 -0.0014287 -0.00016424 0.00048122
0.003 -0.002 0.002 -0.0015202 -0.00017731 0.00045002
0.003 -0.002 0.001 -0.0016085 -0.00019094 0.00041038
0.003 -0.002 0 -0.0016937 -0.00020514 0.00036231
0.003 -0.002 -0.001 -0.0017756 -0.00021992 0.0003058
0.003 -0.002 -0.002 -0.0018544 -0.00023527 0.00024085
0.003 -0.002 -0.003 -0.00193 -0.00025118 0.00016746
0.003 -0.002 -0.004 -0.0020023 -0.00026767 8.5639e-05
0.003 -0.002 -0.005 -0.0020715 -0.00028473 -4.6238e-06
0.003 -0.001 -0.005 -0.0021017 -0.00016296 1.1032e-05
0.003 -0.001 -0.004 -0.0020298 -0.00015293 0.00010057
0.003 -0.001 -0.003 -0.0019548 -0.00014331 0.00018168
0.003 -0.001 -0.002 -0.0018768 -0.0001341 0.00025438
0.003 -0.001 -0.001 -0.0017958 -0.00012528 0.00031867
0.003 -0.001 0 -0.0017118 -0.00011687 0.00037453
0.003 -0.001 0.001 -0.0016247 -0.00010886 0.00042198
0.003 -0.001 0.002 -0.0015345 -0.00010126 0.00046101
0.003 -0.001 0.003 -0.0014413 -9.4057e-05 0.00049162
0.003 -0.001 0.004 -0.0013451 -8.7258e-05 0.00051382
0.003 -0.001 0.005 -0.0012459 -8.0862e-05 0.0005276
0.003 0 0.005 -0.0012497 -2.1636e-05 0.00053185
0.003 0 0.004 -0.0013496 -2.2466e-05 0.00051835
0.003 0 0.003 -0.0014464 -2.3528e-05 0.00049646
0.003 0 0.002 -0.0015403 -2.4822e-05 0.00046618
0.003 0 0.001 -0.0016312 -2.6348e-05 0.0004275
0.003 0 0 -0.0017191 -2.8106e-05 0.00038043
0.003 0 -0.001 -0.0018041 -3.0096e-05 0.00032497
0.003 0 -0.002 -0.001886 -3.2319e-05 0.00026112
0.003 0 -0.003 -0.001965 -3.4773e-05 0.00018887
0.003 0 -0.004 -0.002041 -3.7459e-05 0.00010823
0.003 0 -0.005 -0.002114 -4.0377e-05 1.9192e-05
0.003 0.001 -0.005 -0.0021085 8.3014e-05 1.9856e-05
0.003 0.001 -0.004 -0.002036 7.8756e-05 0.00010862
0.003 0.001 -0.003 -0.0019605 7.4442e-05 0.00018902
0.003 0.001 -0.002 -0.001882 7.007e-05 0.00026105
0.003 0.001 -0.001 -0.0018004 6.564e-05 0.00032472
0.003 0.001 0 -0.0017159 6.1152e-05 0.00038002
0.003 0.001 0.001 -0.0016282 5.6607e-05 0.00042696
0.003 0.001 0.002 -0.0015376 5.2005e-05 0.00046553
0.003 0.001 0.003 -0.001444 4.7345e-05 0.00049573
0.003 0.001 0.004 -0.0013473 4.2627e-05 0.00051757
0.003 0.001 0.005 -0.0012476 3.7852e-05 0.00053104
0.003 0.002 0.005 -0.0012394 9.7601e-05 0.00052518
0.003 0.002 0.004 -0.0013382 0.00010802 0.00051147
0.003 0.002 0.003 -0.0014339 0.00011856 0.00048943
0.003 0.002 0.002 -0.0015264 0.00012922 0.00045905
0.003 0.002 0.001 -0.0016157 0.00014 0.00042034
0.003 0.002 0 -0.0017019 0.0001509 0.00037329
0.003 0.002 -0.001 -0.0017849 0.00016193 0.00031791
0.003 0.002 -0.002 -0.0018647 0.00017307 0.00025419
0.003 0.002 -0.003 -0.0019414 0.00018433 0.00018214
0.003 0.002 -0.004 -0.0020149 0.00019571 0.00010175
0.003 0.002 -0.005 -0.0020852 0.00020721 1.3025e-05
0.003 0.003 -0.005 -0.002044 0.00033223 -1.3015e-06
0.003 0.003 -0.004 -0.0019775 0.00031341 8.7608e-05
0.003 0.003 -0.003 -0.0019075 0.00029489 0.00016822
0.003 0.003 -0.002 -0.0018342 0.00027668 0.00024053
0.003 0.003 -0.001 -0.0017574 0.00025876 0.00030453
0.003 0.003 0 -0.0016772 0.00024115 0.00036024
0.003 0.003 0.001 -0.0015936 0.00022384 0.00040765
0.003 0.003 0.002 -0.0015067 0.00020683 0.00044675
0.003 0.003 0.003 -0.0014163 0.00019012 0.00047756
0.003 0.003 0.004 -0.0013225 0.00017371 0.00050007
0.003 0.003 0.005 -0.0012253 0.00015761 0.00051427
0.003 0.004 0.005 -0.0012051 0.00021788 0.00049831
0.003 0.004 0.004 -0.0013 0.00023971 0.00048335
0.003 0.004 0.003 -0.0013911 0.00026202 0.00046012
0.003 0.004 0.002 -0.0014784 0.00028482 0.00042864
0.003 0.004 0.001 -0.001562 0.00030811 0.00038889
0.003 0.004 0 -0.0016419 0.00033189 0.00034088
0.003 0.004 -0.001 -0.001718 0.00035615 0.0002846
0.003 0.004 -0.002 -0.0017904 0.00038089 0.00022007
0.003 0.004 -0.003 -0.001859 0.00040613 0.00014727
0.003 0.004 -0.004 -0.0019239 0.00043184 6.6202e-05
0.003 0.004 -0.005 -0.001985 0.00045805 -2.3124e-05
0.003 0.005 -0.005 -0.0019081 0.00058468 -5.2441e-05
0.003 0.005 -0.004 -0.001854 0.00055102 3.753e-05
0.003 0.005 -0.003 -0.0017958 0.00051803 0.00011928
0.003 0.005 -0.002 -0.0017333 0.00048572 0.00019281
0.003 0.005 -0.001 -0.0016667 0.00045408 0.00025811
0.003 0.005 0 -0.0015959 0.00042312 0.0003152
0.003 0.005 0.001 -0.0015209 0.00039283 0.00036406
0.003 0.005 0.002 -0.0014417 0.00036321 0.0004047
0.003 0.005 0.003 -0.0013583 0.00033427 0.00043712
0.003 0.005 0.004 -0.0012707 0.000306 0.00046131
0.003 0.005 0.005 -0.001179 0.00027841 0.00047729
0.004 0.005 0.005 -0.0012493 0.0003064 0.00055618
0.004 0.005 0.004 -0.0013548 0.00033763 0.0005429
0.004 0.005 0.003 -0.0014559 0.00036993 0.00051988
0.004 0.005 0.002 -0.0015525 0.00040331 0.00048714
0.004 0.005 0.001 -0.0016448 0.00043777 0.00044466
0.004 0.005 0 -0.0017327 0.0004733 0.00039246
0.004 0.005 -0.001 -0.0018162 0.00050991 0.00033052
0.004 0.005 -0.002 -0.0018953 0.0005476 0.00025885
0.004 0.005 -0.003 -0.00197 0.00058637 0.00017745
0.004 0.005 -0.004 -0.0020403 0.00062621 8.6326e-05
0.004 0.005 -0.005 -0.0021062 0.00066714 -1.4533e-05
0.004 0.004 -0.005 -0.0021977 0.00052165 1.7461e-05
0.004 0.004 -0.004 -0.0021225 0.00049 0.00011834
0.004 0.004 -0.003 -0.0020435 0.00045914 0.00020929
0.004 0.004 -0.002 -0.0019609 0.00042906 0.00029033
0.004 0.004 -0.001 -0.0018746 0.00039978 0.00036144
0.004 0.004 0 -0.0017846 0.00037129 0.00042263
0.004 0.004 0.001 -0.0016909 0.00034359 0.00047391
0.004 0.004 0.002 -0.0015935 0.00031668 0.00051526
0.004 0.004 0.003 -0.0014924 0.00029056 0.0005467
0.004 0.004 0.004 -0.0013876 0.00026523 0.00056821
0.004 0.004 0.005 -0.0012791 0.00024069 0.0005798
0.004 0.003 0.005 -0.0013021 0.00017501 0.00059764
0.004 0.003 0.004 -0.0014128 0.00019295 0.00058726
0.004 0.003 0.003 -0.0015204 0.00021141 0.00056682
0.004 0.003 0.002 -0.0016249 0.00023037 0.00053632
0.004 0.003 0.001 -0.0017262 0.00024984 0.00049577
0.004 0.003 0 -0.0018243 0.00026983 0.00044516
0.004 0.003 -0.001 -0.0019194 0.00029032 0.00038449
0.004 0.003 -0.002 -0.0020112 0.00031133 0.00031377
0.004 0.003 -0.003 -0.0020999 0.00033285 0.00023299
0.004 0.003 -0.004 -0.0021855 0.00035488 0.00014215
0.004 0.003 -0.005 -0.0022679 0.00037741 4.1256e-05
0.004 0.002 -0.005 -0.0023167 0.00023441 5.6853e-05
0.004 0.002 -0.004 -0.0022293 0.00022084 0.00015777
0.004 0.002 -0.003 -0.0021391 0.0002075 0.00024855
0.004 0.002 -0.002 -0.0020461 0.0001944 0.00032918
0.004 0.002 -0.001 -0.0019504 0.00018154 0.00039968
0.004 0.002 0 -0.001852 0.00016892 0.00046003
0.004 0.002 0.001 -0.0017507 0.00015653 0.00051024
0.004 0.002 0.002 -0.0016468 0.00014438 0.00055032
0.004 0.002 0.003 -0.00154 0.00013247 0.00058025
0.004 0.002 0.004 -0.0014305 0.00012079 0.00060004
0.004 0.002 0.005 -0.0013182 0.00010936 0.00060969
0.004 0.001 0.005 -0.0013275 4.3737e-05 0.00061595
0.004 0.001 0.004 -0.0014405 4.8757e-05 0.00060656
0.004 0.001 0.003 -0.0015511 5.3748e-05 0.00058699
0.004 0.001 0.002 -0.0016591 5.8711e-05 0.00055725
0.004 0.001 0.001 -0.0017645 6.3646e-05 0.00051733
0.004 0.001 0 -0.0018675 6.8551e-05 0.00046725
0.004 0.001 -0.001 -0.0019679 7.3428e-05 0.00040699
0.004 0.001 -0.002 -0.0020657 7.8276e-05 0.00033657
0.004 0.001 -0.003 -0.0021611 8.3096e-05 0.00025597
0.004 0.001 -0.004 -0.0022539 8.7887e-05 0.00016519
0.004 0.001 -0.005 -0.0023441 9.2649e-05 6.4251e-05
0.004 0 -0.005 -0.0023502 -4.7873e-05 6.3451e-05
0.004 0 -0.004 -0.0022593 -4.3976e-05 0.00016442
0.004 0 -0.003 -0.0021659 -4.0366e-05 0.00025525
0.004 0 -0.002 -0.00207 -3.7044e-05 0.00033592
0.004 0 -0.001 -0.0019716 -3.401e-05 0.00040644
0.004 0 0 -0.0018708 -3.1264e-05 0.00046682
0.004 0 0.001 -0.0017676 -2.8806e-05 0.00051704
0.004 0 0.002 -0.0016619 -2.6636e-05 0.00055711
0.004 0 0.003 -0.0015537 -2.4754e-05 0.00058704
0.004 0 0.004 -0.001443 -2.316e-05 0.00060681
0.004 0 0.005 -0.0013299 -2.1854e-05 0.00061643
0.004 -0.001 0.005 -0.0013255 -8.7413e-05 0.00061113
0.004 -0.001 0.004 -0.0014379 -9.4956e-05 0.0006008
0.004 -0.001 0.003 -0.0015478 -0.00010304 0.0005804
0.004 -0.001 0.002 -0.0016551 -0.00011166 0.00054992
0.004 -0.001 0.001 -0.0017599 -0.00012083 0.00050936
0.004 -0.001 0 -0.0018621 -0.00013053 0.00045873
0.004 -0.001 -0.001 -0.0019618 -0.00014078 0.00039803
0.004 -0.001 -0.002 -0.0020589 -0.00015156 0.00032725
0.004 -0.001 -0.003 -0.0021535 -0.00016289 0.00024639
0.004 -0.001 -0.004 -0.0022455 -0.00017475 0.00015546
0.004 -0.001 -0.005 -0.002335 -0.00018716 5.4452e-05
0.004 -0.002 -0.005 -0.0022984 -0.0003252 3.7254e-05
0.004 -0.002 -0.004 -0.0022125 -0.00030444 0.0001383
0.004 -0.002 -0.003 -0.0021239 -0.00028446 0.00022939
0.004 -0.002 -0.002 -0.0020324 -0.00026527 0.00031054
0.004 -0.002 -0.001 -0.0019382 -0.00024687 0.00038174
0.004 -0.002 0 -0.0018412 -0.00022925 0.00044299
0.004 -0.002 0.001 -0.0017414 -0.00021242 0.0004943
0.004 -0.002 0.002 -0.0016388 -0.00019637 0.00053566
0.004 -0.002 0.003 -0.0015334 -0.00018111 0.00056706
0.004 -0.002 0.004 -0.0014252 -0.00016663 0.00058853
0.004 -0.002 0.005 -0.0013143 -0.00015294 0.00060004
0.004 -0.003 0.005 -0.0012962 -0.00021844 0.00058316
0.004 -0.003 0.004 -0.001405 -0.00023819 0.00056999
0.004 -0.003 0.003 -0.0015106 -0.00025896 0.00054704
0.004 -0.003 0.002 -0.001613 -0.00028075 0.00051433
0.004 -0.003 0.001 -0.0017122 -0.00030357 0.00047185
0.004 -0.003 0 -0.0018082 -0.00032742 0.0004196
0.004 -0.003 -0.001 -0.001901 -0.00035229 0.00035759
0.004 -0.003 -0.002 -0.0019906 -0.00037818 0.00028581
0.004 -0.003 -0.003 -0.0020771 -0.0004051 0.00020426
0.004 -0.003 -0.004 -0.0021603 -0.00043304 0.00011294
0.004 -0.003 -0.005 -0.0022404 -0.000462 1.1857e-05
0.004 -0.004 -0.005 -0.0021611 -0.00059757 -2.1738e-05
0.004 -0.004 -0.004 -0.002089 -0.00056055 7.9391e-05
0.004 -0.004 -0.003 -0.0020131 -0.00052479 0.00017099
0.004 -0.004 -0.002 -0.0019335 -0.00049028 0.00025305
0.004 -0.004 -0.001 -0.0018501 -0.00045703 0.00032557
0.004 -0.004 0 -0.001763 -0.00042504 0.00038856
0.004 -0.004 0.001 -0.0016722 -0.0003943 0.00044202
0.004 -0.004 0.002 -0.0015776 -0.00036482 0.00048594
0.004 -0.004 0.003 -0.0014792 -0.00033659 0.00052033
0.004 -0.004 0.004 -0.0013771 -0.00030962 0.00054518
0.004 -0.004 0.005 -0.0012713 -0.00028391 0.0005605
0.004 -0.005 0.005 -0.0012395 -0.00034935 0.00053206
0.004 -0.005 0.004 -0.0013417 -0.00038094 0.00051412
0.004 -0.005 0.003 -0.0014394 -0.00041401 0.00048693
0.004 -0.005 0.002 -0.0015326 -0.00044856 0.00045049
0.004 -0.005 0.001 -0.0016214 -0.0004846 0.0004048
0.004 -0.005 0 -0.0017057 -0.00052211 0.00034987
0.004 -0.005 -0.001 -0.0017856 -0.00056111 0.00028568
0.004 -0.005 -0.002 -0.001861 -0.00060158 0.00021225
0.004 -0.005 -0.003 -0.0019319 -0.00064354 0.00012957
0.004 -0.005 -0.004 -0.0019984 -0.00068697 3.7645e-05
0.004 -0.005 -0.005 -0.0020604 -0.00073189 -6.3531e-05
0.005 -0.005 -0.005 -0.0022607 -0.00082571 -2.637e-05
0.005 -0.005 -0.004 -0.0021869 -0.00077302 8.1155e-05
0.005 -0.005 -0.003 -0.0021084 -0.00072227 0.00017886
0.005 -0.005 -0.002 -0.0020251 -0.00067345 0.00026675
0.005 -0.005 -0.001 -0.0019372 -0.00062657 0.00034482
0.005 -0.005 0 -0.0018445 -0.00058163 0.00041308
0.005 -0.005 0.001 -0.0017471 -0.00053863 0.00047152
0.005 -0.005 0.002 -0.001645 -0.00049756 0.00052014
0.005 -0.005 0.003 -0.0015382 -0.00045843 0.00055894
0.005 -0.005 0.004 -0.0014267 -0.00042124 0.00058792
0.005 -0.005 0.005 -0.0013104 -0.00038599 0.00060709
0.005 -0.004 0.005 -0.0013467 -0.00031266 0.00063994
0.005 -0.004 0.004 -0.0014667 -0.00034152 0.00062511
0.005 -0.004 0.003 -0.0015829 -0.00037204 0.00059976
0.005 -0.004 0.002 -0.0016956 -0.00040421 0.0005639
0.005 -0.004 0.001 -0.0018045 -0.00043802 0.00051751
0.005 -0.004 0 -0.0019098 -0.00047348 0.0004606
0.005 -0.004 -0.001 -0.0020114 -0.0005106 0.00039317
0.005 -0.004 -0.002 -0.0021093 -0.00054936 0.00031523
0.005 -0.004 -0.003 -0.0022036 -0.00058977 0.00022676
0.005 -0.004 -0.004 -0.0022942 -0.00063183 0.00012777
0.005 -0.004 -0.005 -0.0023811 -0.00067554 1.8259e-05
0.005 -0.003 -0.005 -0.0024762 -0.00052355 5.4143e-05
0.005 -0.003 -0.004 -0.0023789 -0.00048909 0.00016531
0.005 -0.003 -0.003 -0.0022788 -0.00045598 0.00026537
0.005 -0.003 -0.002 -0.0021758 -0.00042422 0.00035433
0.005 -0.003 -0.001 -0.00207 -0.0003938 0.00043218
0.005 -0.003 0 -0.0019614 -0.00036473 0.00049894
0.005 -0.003 0.001 -0.0018498 -0.000337 0.0005546
0.005 -0.003 0.002 -0.0017355 -0.00031063 0.00059915
0.005 -0.003 0.003 -0.0016182 -0.0002856 0.00063261
0.005 -0.003 0.004 -0.0014981 -0.00026191 0.00065496
0.005 -0.003 0.005 -0.0013752 -0.00023957 0.00066621
0.005 -0.002 0.005 -0.0013959 -0.00016674 0.00068592
0.005 -0.002 0.004 -0.0015211 -0.00018241 0.00067748
0.005 -0.002 0.003 -0.001644 -0.0001991 0.00065747
0.005 -0.002 0.002 -0.0017647 -0.00021683 0.00062591
0.005 -0.002 0.001 -0.0018831 -0.00023558 0.00058278
0.005 -0.002 0 -0.0019992 -0.00025537 0.0005281
0.005 -0.002 -0.001 -0.002113 -0.00027618 0.00046186
0.005 -0.002 -0.002 -0.0022246 -0.00029803 0.00038405
0.005 -0.002 -0.003 -0.0023339 -0.00032091 0.00029469
0.005 -0.002 -0.004 -0.002441 -0.00034481 0.00019376
0.005 -0.002 -0.005 -0.0025458 -0.00036975 8.1281e-05
0.005 -0.001 -0.005 -0.00259 -0.00021414 9.9672e-05
0.005 -0.001 -0.004 -0.0024804 -0.00019899 0.00021315
0.005 -0.001 -0.003 -0.002369 -0.00018454 0.00031472
0.005 -0.001 -0.002 -0.0022557 -0.00017079 0.0004044
0.005 -0.001 -0.001 -0.0021404 -0.00015775 0.00048219
0.005 -0.001 0 -0.0020233 -0.0001454 0.00054808
0.005 -0.001 0.001 -0.0019042 -0.00013375 0.00060207
0.005 -0.001 0.002 -0.0017832 -0.0001228 0.00064416
0.005 -0.001 0.003 -0.0016603 -0.00011255 0.00067436
0.005 -0.001 0.004 -0.0015355 -0.00010301 0.00069266
0.005 -0.001 0.005 -0.0014088 -9.4158e-05 0.00069906
0.005 0 0.005 -0.0014139 -2.1827e-05 0.00070563
0.005 0 0.004 -0.0015414 -2.3714e-05 0.0007005
0.005 0 0.003 -0.0016671 -2.5958e-05 0.00068326
0.005 0 0.002 -0.0017911 -2.8557e-05 0.00065391
0.005 0 0.001 -0.0019132 -3.1512e-05 0.00061244
0.005 0 0 -0.0020336 -3.4822e-05 0.00055887
0.005 0 -0.001 -0.0021522 -3.8488e-05 0.00049318
0.005 0 -0.002 -0.002269 -4.251e-05 0.00041538
0.005 0 -0.003 -0.0023841 -4.6888e-05 0.00032547
0.005 0 -0.004 -0.0024973 -5.1621e-05 0.00022345
0.005 0 -0.005 -0.0026087 -5.6711e-05 0.00010932
0.005 0.001 -0.005 -0.0026021 0.00010253 0.00011022
0.005 0.001 -0.004 -0.0024915 9.729e-05 0.00022468
0.005 0.001 -0.003 -0.002379 9.2054e-05 0.00032693
0.005 0.001 -0.002 -0.0022646 8.682e-05 0.00041699
0.005 0.001 -0.001 -0.0021484 8.1589e-05 0.00049483
0.005 0.001 0 -0.0020302 7.636e-05 0.00056048
0.005 0.001 0.001 -0.0019102 7.1134e-05 0.00061392
0.005 0.001 0.002 -0.0017882 6.5911e-05 0.00065515
0.005 0.001 0.003 -0.0016644 6.0689e-05 0.00068419
0.005 0.001 0.004 -0.0015387 5.5471e-05 0.00070101
0.005 0.001 0.005 -0.0014111 5.0254e-05 0.00070564
0.005 0.002 0.005 -0.0014006 0.00012208 0.00069907
0.005 0.002 0.004 -0.0015276 0.00013455 0.00069419
0.005 0.002 0.003 -0.0016523 0.00014739 0.00067713
0.005 0.002 0.002 -0.0017748 0.0001606 0.0006479
0.005 0.002 0.001 -0.001895 0.00017419 0.00060649
0.005 0.002 0 -0.0020131 0.00018815 0.00055291
0.005 0.002 -0.001 -0.0021289 0.00020249 0.00048715
0.005 0.002 -0.002 -0.0022425 0.0002172 0.00040922
0.005 0.002 -0.003 -0.0023539 0.00023228 0.00031911
0.005 0.002 -0.004 -0.0024631 0.00024774 0.00021683
0.005 0.002 -0.005 -0.0025701 0.00026358 0.00010237
0.005 0.003 -0.005 -0.0025127 0.00042644 8.5777e-05
0.005 0.003 -0.004 -0.0024121 0.00039974 0.0001999
0.005 0.003 -0.003 -0.0023088 0.0003738 0.000302
0.005 0.003 -0.002 -0.0022027 0.00034862 0.00039207
0.005 0.003 -0.001 -0.0020938 0.0003242 0.00047012
0.005 0.003 0 -0.0019822 0.00030055 0.00053615
0.005 0.003 0.001 -0.0018678 0.00027765 0.00059015
0.005 0.003 0.002 -0.0017506 0.00025551 0.00063214
0.005 0.003 0.003 -0.0016306 0.00023414 0.00066209
0.005 0.003 0.004 -0.0015078 0.00021352 0.00068003
0.005 0.003 0.005 -0.0013823 0.00019366 0.00068594
0.005 0.004 0.005 -0.0013562 0.00026499 0.00066623
0.005 0.004 0.004 -0.0014796 0.00029238 0.00065853
0.005 0.004 0.003 -0.0015994 0.00032093 0.00063908
0.005 0.004 0.002 -0.0017157 0.00035064 0.00060787
0.005 0.004 0.001 -0.0018284 0.00038152 0.00056492
0.005 0.004 0 -0.0019376 0.00041355 0.00051021
0.005 0.004 -0.001 -0.0020432 0.00044674 0.00044376
0.005 0.004 -0.002 -0.0021452 0.0004811 0.00036555
0.005 0.004 -0.003 -0.0022436 0.00051661 0.0002756
0.005 0.004 -0.004 -0.0023385 0.00055328 0.00017389
0.005 0.004 -0.005 -0.0024298 0.00059112 6.0439e-05
0.005 0.005 -0.005 -0.0023216 0.00075761 2.6354e-05
0.005 0.005 -0.004 -0.0022423 0.00070837 0.00013881
0.005 0.005 -0.003 -0.0021584 0.00066071 0.00023991
0.005 0.005 -0.002 -0.0020699 0.00061461 0.00032966
0.005 0.005 -0.001 -0.0019769 0.0005701 0.00040805
0.005 0.005 0 -0.0018792 0.00052716 0.00047509
0.005 0.005 0.001 -0.001777 0.00048579 0.00053078
0.005 0.005 0.002 -0.0016702 0.000446 0.0005751
0.005 0.005 0.003 -0.0015588 0.00040778 0.00060808
0.005 0.005 0.004 -0.0014428 0.00037114 0.0006297
0.005 0.005 0.005 -0.0013223 0.00033607 0.00063996
