1331
11 11 11
-0.005 0.005
-0.005 0.005
-0.005 0.005
-0.005 -0.005 -0.005 0.0021391 -0.00077547 -7.7732e-07
-0.005 -0.005 -0.004 0.002074 -0.0007288 0.00010524
-0.005 -0.005 -0.003 0.002004 -0.0006836 0.00020164
-0.005 -0.005 -0.002 0.001929 -0.00063986 0.00028844
-0.005 -0.005 -0.001 0.0018489 -0.00059758 0.00036562
-0.005 -0.005 0 0.0017639 -0.00055677 0.00043319
-0.005 -0.005 0.001 0.0016738 -0.00051743 0.00049115
-0.005 -0.005 0.002 0.0015788 -0.00047954 0.0005395
-0.005 -0.005 0.003 0.0014787 -0.00044312 0.00057824
-0.005 -0.005 0.004 0.0013736 -0.00040817 0.00060737
-0.005 -0.005 0.005 0.0012636 -0.00037468 0.00062688
-0.005 -0.004 0.005 0.0012992 -0.00030495 0.00066053
-0.005 -0.004 0.004 0.0014126 -0.00033279 0.00064377
-0.005 -0.004 0.003 0.0015219 -0.00036174 0.000617
-0.005 -0.004 0.002 0.0016271 -0.0003918 0.00058021
-0.005 -0.004 0.001 0.0017284 -0.00042298 0.0005334
-0.005 -0.004 0 0.0018256 -0.00045526 0.00047657
-0.005 -0.004 -0.001 0.0019187 -0.00048866 0.00040972
-0.005 -0.004 -0.002 0.0020078 -0.00052318 0.00033286
-0.005 -0.004 -0.003 0.0020929 -0.0005588 0.00024598
-0.005 -0.004 -0.004 0.0021739 -0.00059554 0.00014908
-0.005 -0.004 -0.005 0.0022509 -0.00063339 4.2157e-05
-0.005 -0.003 -0.005 0.00234 -0.00048987 7.6539e-05
-0.005 -0.003 -0.004 0.0022535 -0.0004609 0.00018421
-0.005 -0.003 -0.003 0.0021638 -0.00043271 0.00028153
-0.005 -0.003 -0.002 0.0020707 -0.00040529 0.0003685
-0.005 -0.003 -0.001 0.0019744 -0.00037865 0.00044511
-0.005 -0.003 0 0.0018748 -0.00035278 0.00051138
-0.005 -0.003 0.001 0.0017719 -0.00032768 0.00056729
-0.005 -0.003 0.002 0.0016657 -0.00030337 0.00061286
-0.005 -0.003 0.003 0.0015562 -0.00027982 0.00064807
-0.005 -0.003 0.004 0.0014435 -0.00025705 0.00067293
-0.005 -0.003 0.005 0.0013274 -0.00023506 0.00068744
-0.005 -0.002 0.005 0.0013482 -0.000165 0.00070761
-0.005 -0.002 0.004 0.0014663 -0.00018096 0.00069483
-0.005 -0.002 0.003 0.0015817 -0.00019737 0.00067145
-0.005 -0.002 0.002 0.0016943 -0.00021424 0.00063745
-0.005 -0.002 0.001 0.0018043 -0.00023155 0.00059284
-0.005 -0.002 0 0.0019115 -0.00024932 0.00053762
-0.005 -0.002 -0.001 0.0020159 -0.00026753 0.00047179
-0.005 -0.002 -0.002 0.0021176 -0.0002862 0.00039535
-0.005 -0.002 -0.003 0.0022166 -0.00030532 0.0003083
-0.005 -0.002 -0.004 0.0023129 -0.00032488 0.00021064
-0.005 -0.002 -0.005 0.0024064 -0.0003449 0.00010237
-0.005 -0.001 -0.005 0.00245 -0.00019848 0.00011964
-0.005 -0.001 -0.004 0.0023519 -0.00018748 0.00022837
-0.005 -0.001 -0.003 0.0022514 -0.00017662 0.00032629
-0.005 -0.001 -0.002 0.0021486 -0.0001659 0.00041342
-0.005 -0.001 -0.001 0.0020433 -0.00015532 0.00048976
-0.005 -0.001 0 0.0019356 -0.00014488 0.00055529
-0.005 -0.001 0.001 0.0018256 -0.00013458 0.00061004
-0.005 -0.001 0.002 0.0017132 -0.00012442 0.00065398
-0.005 -0.001 0.003 0.0015983 -0.0001144 0.00068713
-0.005 -0.001 0.004 0.0014811 -0.00010452 0.00070949
-0.005 -0.001 0.005 0.0013615 -9.4773e-05 0.00072104
-0.005 0 0.005 0.0013673 -2.4384e-05 0.00072774
-0.005 0 0.004 0.0014878 -2.7717e-05 0.00071689
-0.005 0 0.003 0.0016061 -3.0893e-05 0.00069513
-0.005 0 0.002 0.0017221 -3.391e-05 0.00066246
-0.005 0 0.001 0.0018359 -3.6769e-05 0.00061888
-0.005 0 0 0.0019473 -3.947e-05 0.0005644
-0.005 0 -0.001 0.0020566 -4.2013e-05 0.00049901
-0.005 0 -0.002 0.0021635 -4.4397e-05 0.00042271
-0.005 0 -0.003 0.0022682 -4.6624e-05 0.0003355
-0.005 0 -0.004 0.0023706 -4.8692e-05 0.00023739
-0.005 0 -0.005 0.0024708 -5.0602e-05 0.00012837
-0.005 0.001 -0.005 0.0024689 9.8721e-05 0.00012854
-0.005 0.001 -0.004 0.0023691 9.1476e-05 0.00023771
-0.005 0.001 -0.003 0.002267 8.4673e-05 0.00033593
-0.005 0.001 -0.002 0.0021625 7.8312e-05 0.00042321
-0.005 0.001 -0.001 0.0020557 7.2394e-05 0.00049954
-0.005 0.001 0 0.0019465 6.6918e-05 0.00056493
-0.005 0.001 0.001 0.001835 6.1884e-05 0.00061938
-0.005 0.001 0.002 0.0017212 5.7292e-05 0.00066287
-0.005 0.001 0.003 0.001605 5.3143e-05 0.00069543
-0.005 0.001 0.004 0.0014865 4.9435e-05 0.00071704
-0.005 0.001 0.005 0.0013656 4.617e-05 0.0007277
-0.005 0.002 0.005 0.0013565 0.00011689 0.00072092
-0.005 0.002 0.004 0.0014771 0.00012694 0.00070993
-0.005 0.002 0.003 0.0015951 0.00013771 0.00068804
-0.005 0.002 0.002 0.0017104 0.00014919 0.00065523
-0.005 0.002 0.001 0.0018232 0.00016138 0.00061152
-0.005 0.002 0 0.0019332 0.00017428 0.0005569
-0.005 0.002 -0.001 0.0020407 0.0001879 0.00049137
-0.005 0.002 -0.002 0.0021455 0.00020223 0.00041493
-0.005 0.002 -0.003 0.0022477 0.00021727 0.00032758
-0.005 0.002 -0.004 0.0023473 0.00023303 0.00022932
-0.005 0.002 -0.005 0.0024442 0.00024949 0.00012016
-0.005 0.003 -0.005 0.0023968 0.00040172 0.00010322
-0.005 0.003 -0.004 0.0023052 0.00037596 0.00021223
-0.005 0.003 -0.003 0.0022105 0.00035117 0.00031045
-0.005 0.003 -0.002 0.0021126 0.00032735 0.00039786
-0.005 0.003 -0.001 0.0020116 0.0003045 0.00047448
-0.005 0.003 0 0.0019074 0.00028262 0.00054029
-0.005 0.003 0.001 0.0018002 0.00026171 0.00059531
-0.005 0.003 0.002 0.0016898 0.00024177 0.00063953
-0.005 0.003 0.003 0.0015763 0.0002228 0.00067296
-0.005 0.003 0.004 0.0014597 0.0002048 0.00069558
-0.005 0.003 0.005 0.00134 0.00018777 0.0007074
-0.005 0.004 0.005 0.001316 0.00025882 0.00068715
-0.005 0.004 0.004 0.0014343 0.00028302 0.00067397
-0.005 0.004 0.003 0.0015487 0.00030843 0.00065018
-0.005 0.004 0.002 0.0016594 0.00033505 0.00061578
-0.005 0.004 0.001 0.0017662 0.00036289 0.00057076
-0.005 0.004 0 0.0018691 0.00039194 0.00051512
-0.005 0.004 -0.001 0.0019683 0.0004222 0.00044887
-0.005 0.004 -0.002 0.0020636 0.00045368 0.00037201
-0.005 0.004 -0.003 0.0021551 0.00048637 0.00028453
-0.005 0.004 -0.004 0.0022428 0.00052027 0.00018644
-0.005 0.004 -0.005 0.0023267 0.00055539 7.7733e-05
-0.005 0.005 -0.005 0.0022338 0.00071051 4.3693e-05
-0.005 0.005 -0.004 0.0021602 0.00066597 0.00015194
-0.005 0.005 -0.003 0.0020818 0.00062287 0.00024984
-0.005 0.005 -0.002 0.0019987 0.00058121 0.00033738
-0.005 0.005 -0.001 0.0019109 0.000541 0.00041456
-0.005 0.005 0 0.0018183 0.00050223 0.00048138
-0.005 0.005 0.001 0.0017211 0.0004649 0.00053785
-0.005 0.005 0.002 0.001619 0.00042902 0.00058396
-0.005 0.005 0.003 0.0015122 0.00039458 0.00061972
-0.005 0.005 0.004 0.0014007 0.00036159 0.00064511
-0.005 0.005 0.005 0.0012845 0.00033004 0.00066015
-0.004 0.005 0.005 0.0012131 0.00030012 0.00057167
-0.004 0.005 0.004 0.0013147 0.00032861 0.00055447
-0.004 0.005 0.003 0.0014117 0.000358 0.00052854
-0.004 0.005 0.002 0.0015042 0.00038831 0.00049387
-0.004 0.005 0.001 0.0015922 0.00041953 0.00045048
-0.004 0.005 0 0.0016757 0.00045166 0.00039836
-0.004 0.005 -0.001 0.0017546 0.0004847 0.0003375
-0.004 0.005 -0.002 0.0018291 0.00051865 0.00026792
-0.004 0.005 -0.003 0.0018989 0.00055352 0.00018961
-0.004 0.005 -0.004 0.0019643 0.00058929 0.00010257
-0.004 0.005 -0.005 0.0020251 0.00062598 6.7966e-06
-0.004 0.004 -0.005 0.0021051 0.00048935 3.523e-05
-0.004 0.004 -0.004 0.0020362 0.00046056 0.00013152
-0.004 0.004 -0.003 0.0019634 0.0004325 0.00021886
-0.004 0.004 -0.002 0.0018867 0.00040519 0.00029725
-0.004 0.004 -0.001 0.0018062 0.00037862 0.00036669
-0.004 0.004 0 0.0017217 0.00035278 0.00042719
-0.004 0.004 0.001 0.0016334 0.00032769 0.00047875
-0.004 0.004 0.002 0.0015412 0.00030333 0.00052135
-0.004 0.004 0.003 0.0014452 0.00027972 0.00055501
-0.004 0.004 0.004 0.0013453 0.00025685 0.00057973
-0.004 0.004 0.005 0.0012415 0.00023471 0.00059549
-0.004 0.003 0.005 0.0012631 0.00016966 0.00061339
-0.004 0.003 0.004 0.0013685 0.00018554 0.00059866
-0.004 0.003 0.003 0.0014705 0.00020198 0.00057483
-0.004 0.003 0.002 0.0015692 0.00021899 0.0005419
-0.004 0.003 0.001 0.0016645 0.00023657 0.00049987
-0.004 0.003 0 0.0017565 0.00025472 0.00044873
-0.004 0.003 -0.001 0.001845 0.00027344 0.0003885
-0.004 0.003 -0.002 0.0019302 0.00029273 0.00031916
-0.004 0.003 -0.003 0.0020121 0.00031259 0.00024072
-0.004 0.003 -0.004 0.0020905 0.00033302 0.00015318
-0.004 0.003 -0.005 0.0021656 0.00035402 5.6539e-05
-0.004 0.002 -0.005 0.0022065 0.00021997 7.0724e-05
-0.004 0.002 -0.004 0.0021272 0.00020667 0.00016756
-0.004 0.002 -0.003 0.0020449 0.00019377 0.00025521
-0.004 0.002 -0.002 0.0019596 0.00018127 0.00033366
-0.004 0.002 -0.001 0.0018713 0.00016918 0.00040291
-0.004 0.002 0 0.0017799 0.00015748 0.00046298
-0.004 0.002 0.001 0.0016855 0.00014618 0.00051384
-0.004 0.002 0.002 0.0015882 0.00013528 0.00055552
-0.004 0.002 0.003 0.0014878 0.00012477 0.000588
-0.004 0.002 0.004 0.0013844 0.00011467 0.00061129
-0.004 0.002 0.005 0.0012779 0.00010497 0.00062538
-0.004 0.001 0.005 0.001286 4.0638e-05 0.00063145
-0.004 0.001 0.004 0.0013929 4.426e-05 0.00061759
-0.004 0.001 0.003 0.0014969 4.8113e-05 0.00059451
-0.004 0.001 0.002 0.0015981 5.2195e-05 0.0005622
-0.004 0.001 0.001 0.0016965 5.6508e-05 0.00052067
-0.004 0.001 0 0.001792 6.105e-05 0.00046992
-0.004 0.001 -0.001 0.0018848 6.5822e-05 0.00040994
-0.004 0.001 -0.002 0.0019748 7.0824e-05 0.00034074
-0.004 0.001 -0.003 0.002062 7.6056e-05 0.00026231
-0.004 0.001 -0.004 0.0021463 8.1518e-05 0.00017466
-0.004 0.001 -0.005 0.0022279 8.721e-05 7.7783e-05
-0.004 0 -0.005 0.0022297 -4.4259e-05 7.7719e-05
-0.004 0 -0.004 0.0021478 -4.2441e-05 0.00017447
-0.004 0 -0.003 0.0020632 -4.0562e-05 0.00026203
-0.004 0 -0.002 0.0019759 -3.8622e-05 0.0003404
-0.004 0 -0.001 0.0018858 -3.6621e-05 0.00040958
-0.004 0 0 0.0017929 -3.4559e-05 0.00046956
-0.004 0 0.001 0.0016973 -3.2436e-05 0.00052035
-0.004 0 0.002 0.0015989 -3.0253e-05 0.00056195
-0.004 0 0.003 0.0014978 -2.8008e-05 0.00059436
-0.004 0 0.004 0.001394 -2.5703e-05 0.00061758
-0.004 0 0.005 0.0012874 -2.3336e-05 0.0006316
-0.004 -0.001 0.005 0.0012819 -8.6951e-05 0.00062584
-0.004 -0.001 0.004 0.0013877 -9.5216e-05 0.00061125
-0.004 -0.001 0.003 0.0014907 -0.00010359 0.00058756
-0.004 -0.001 0.002 0.0015908 -0.00011207 0.00055477
-0.004 -0.001 0.001 0.001688 -0.00012066 0.00051289
-0.004 -0.001 0 0.0017825 -0.00012935 0.0004619
-0.004 -0.001 -0.001 0.001874 -0.00013815 0.00040182
-0.004 -0.001 -0.002 0.0019628 -0.00014706 0.00033265
-0.004 -0.001 -0.003 0.0020487 -0.00015608 0.00025437
-0.004 -0.001 -0.004 0.0021317 -0.00016521 0.000167
-0.004 -0.001 -0.005 0.0022119 -0.00017444 7.053e-05
-0.004 -0.002 -0.005 0.0021746 -0.00030333 5.6216e-05
-0.004 -0.002 -0.004 0.002098 -0.00028678 0.00015224
-0.004 -0.002 -0.003 0.0020183 -0.0002705 0.00023933
-0.004 -0.002 -0.002 0.0019355 -0.0002545 0.00031748
-0.004 -0.002 -0.001 0.0018497 -0.00023878 0.00038668
-0.004 -0.002 0 0.0017607 -0.00022333 0.00044695
-0.004 -0.002 0.001 0.0016687 -0.00020815 0.00049827
-0.004 -0.002 0.002 0.0015736 -0.00019325 0.00054066
-0.004 -0.002 0.003 0.0014754 -0.00017863 0.0005741
-0.004 -0.002 0.004 0.0013741 -0.00016428 0.0005986
-0.004 -0.002 0.005 0.0012698 -0.00015021 0.00061417
-0.004 -0.003 0.005 0.0012508 -0.0002131 0.00059657
-0.004 -0.003 0.004 0.0013531 -0.00023289 0.00057964
-0.004 -0.003 0.003 0.001452 -0.00025313 0.00055399
-0.004 -0.003 0.002 0.0015474 -0.0002738 0.00051961
-0.004 -0.003 0.001 0.0016393 -0.00029492 0.00047651
-0.004 -0.003 0 0.0017277 -0.00031648 0.0004247
-0.004 -0.003 -0.001 0.0018127 -0.00033849 0.00036416
-0.004 -0.003 -0.002 0.0018942 -0.00036093 0.00029489
-0.004 -0.003 -0.003 0.0019722 -0.00038382 0.00021691
-0.004 -0.003 -0.004 0.0020467 -0.00040716 0.0001302
-0.004 -0.003 -0.005 0.0021178 -0.00043093 3.4778e-05
-0.004 -0.004 -0.005 0.0020413 -0.00055724 6.2152e-06
-0.004 -0.004 -0.004 0.0019778 -0.00052634 0.00010088
-0.004 -0.004 -0.003 0.0019102 -0.00049605 0.00018711
-0.004 -0.004 -0.002 0.0018386 -0.00046636 0.00026489
-0.004 -0.004 -0.001 0.001763 -0.00043729 0.00033424
-0.004 -0.004 0 0.0016834 -0.00040882 0.00039514
-0.004 -0.004 0.001 0.0015998 -0.00038097 0.00044761
-0.004 -0.004 0.002 0.0015121 -0.00035372 0.00049163
-0.004 -0.004 0.003 0.0014205 -0.00032708 0.00052722
-0.004 -0.004 0.004 0.0013248 -0.00030106 0.00055436
-0.004 -0.004 0.005 0.0012251 -0.00027564 0.00057307
-0.004 -0.005 0.005 0.0011926 -0.00033782 0.00054364
-0.004 -0.005 0.004 0.001289 -0.00036877 0.00052277
-0.004 -0.005 0.003 0.0013808 -0.0004005 0.00049379
-0.004 -0.005 0.002 0.0014678 -0.00043301 0.00045672
-0.004 -0.005 0.001 0.0015502 -0.00046629 0.00041155
-0.004 -0.005 0 0.0016278 -0.00050034 0.00035829
-0.004 -0.005 -0.001 0.0017007 -0.00053518 0.00029693
-0.004 -0.005 -0.002 0.0017689 -0.00057078 0.00022747
-0.004 -0.005 -0.003 0.0018325 -0.00060717 0.00014992
-0.004 -0.005 -0.004 0.0018913 -0.00064433 6.4273e-05
-0.004 -0.005 -0.005 0.0019454 -0.00068226 -2.9472e-05
-0.003 -0.005 -0.005 0.0017668 -0.00059738 -5.5396e-05
-0.003 -0.005 -0.004 0.0017224 -0.00056698 2.7231e-05
-0.003 -0.005 -0.003 0.0016736 -0.00053681 0.00010312
-0.003 -0.005 -0.002 0.0016204 -0.00050687 0.00017228
-0.003 -0.005 -0.001 0.0015628 -0.00047717 0.0002347
-0.003 -0.005 0 0.0015008 -0.00044771 0.00029039
-0.003 -0.005 0.001 0.0014343 -0.00041848 0.00033935
-0.003 -0.005 0.002 0.0013635 -0.00038949 0.00038157
-0.003 -0.005 0.003 0.0012882 -0.00036074 0.00041705
-0.003 -0.005 0.004 0.0012085 -0.00033222 0.0004458
-0.003 -0.005 0.005 0.0011244 -0.00030393 0.00046782
-0.003 -0.004 0.005 0.0011539 -0.00024854 0.00049332
-0.003 -0.004 0.004 0.0012412 -0.00027152 0.00047299
-0.003 -0.004 0.003 0.0013245 -0.0002947 0.00044563
-0.003 -0.004 0.002 0.0014039 -0.0003181 0.00041125
-0.003 -0.004 0.001 0.0014793 -0.00034172 0.00036985
-0.003 -0.004 0 0.0015507 -0.00036555 0.00032142
-0.003 -0.004 -0.001 0.0016182 -0.00038959 0.00026597
-0.003 -0.004 -0.002 0.0016817 -0.00041384 0.00020349
-0.003 -0.004 -0.003 0.0017413 -0.00043831 0.00013399
-0.003 -0.004 -0.004 0.0017969 -0.00046299 5.7466e-05
-0.003 -0.004 -0.005 0.0018485 -0.00048789 -2.6083e-05
-0.003 -0.003 -0.005 0.0019136 -0.00037725 -2.6328e-06
-0.003 -0.003 -0.004 0.0018562 -0.00035798 8.1674e-05
-0.003 -0.003 -0.003 0.0017951 -0.00033889 0.00015872
-0.003 -0.003 -0.002 0.0017305 -0.00031998 0.0002285
-0.003 -0.003 -0.001 0.0016623 -0.00030125 0.00029103
-0.003 -0.003 0 0.0015905 -0.0002827 0.00034629
-0.003 -0.003 0.001 0.0015151 -0.00026433 0.00039429
-0.003 -0.003 0.002 0.001436 -0.00024614 0.00043503
-0.003 -0.003 0.003 0.0013534 -0.00022813 0.0004685
-0.003 -0.003 0.004 0.0012672 -0.00021031 0.00049472
-0.003 -0.003 0.005 0.0011774 -0.00019266 0.00051367
-0.003 -0.002 0.005 0.0011947 -0.00013628 0.00052888
-0.003 -0.002 0.004 0.0012864 -0.00014859 0.00051099
-0.003 -0.002 0.003 0.0013749 -0.00016103 0.00048566
-0.003 -0.002 0.002 0.00146 -0.00017361 0.00045289
-0.003 -0.002 0.001 0.0015417 -0.00018632 0.00041266
-0.003 -0.002 0 0.0016201 -0.00019917 0.00036499
-0.003 -0.002 -0.001 0.0016952 -0.00021216 0.00030988
-0.003 -0.002 -0.002 0.0017669 -0.00022528 0.00024732
-0.003 -0.002 -0.003 0.0018352 -0.00023854 0.00017731
-0.003 -0.002 -0.004 0.0019002 -0.00025194 9.9854e-05
-0.003 -0.002 -0.005 0.0019619 -0.00026547 1.4953e-05
-0.003 -0.001 -0.005 0.0019936 -0.00015254 2.6675e-05
-0.003 -0.001 -0.004 0.0019291 -0.00014486 0.00011201
-0.003 -0.001 -0.003 0.0018615 -0.00013726 0.00018976
-0.003 -0.001 -0.002 0.0017907 -0.00012975 0.00025993
-0.003 -0.001 -0.001 0.0017167 -0.00012232 0.00032253
-0.003 -0.001 0 0.0016395 -0.00011496 0.00037754
-0.003 -0.001 0.001 0.0015592 -0.00010769 0.00042498
-0.003 -0.001 0.002 0.0014756 -0.0001005 0.00046484
-0.003 -0.001 0.003 0.0013889 -9.3387e-05 0.00049712
-0.003 -0.001 0.004 0.001299 -8.6356e-05 0.00052182
-0.003 -0.001 0.005 0.0012058 -7.9406e-05 0.00053894
-0.003 0 0.005 0.0012109 -2.2034e-05 0.00054385
-0.003 0 0.004 0.0013047 -2.3614e-05 0.00052718
-0.003 0 0.003 0.0013954 -2.5208e-05 0.00050286
-0.003 0 0.002 0.001483 -2.6815e-05 0.00047087
-0.003 0 0.001 0.0015675 -2.8437e-05 0.00043123
-0.003 0 0 0.0016488 -3.0072e-05 0.00038393
-0.003 0 -0.001 0.001727 -3.1721e-05 0.00032897
-0.003 0 -0.002 0.0018021 -3.3384e-05 0.00026635
-0.003 0 -0.003 0.001874 -3.5061e-05 0.00019607
-0.003 0 -0.004 0.0019428 -3.6751e-05 0.00011813
-0.003 0 -0.005 0.0020085 -3.8455e-05 3.2533e-05
-0.003 0.001 -0.005 0.0020068 7.6772e-05 3.2527e-05
-0.003 0.001 -0.004 0.0019414 7.2389e-05 0.00011823
-0.003 0.001 -0.003 0.0018727 6.807e-05 0.00019624
-0.003 0.001 -0.002 0.001801 6.3816e-05 0.00026656
-0.003 0.001 -0.001 0.001726 5.9626e-05 0.0003292
-0.003 0.001 0 0.0016479 5.55e-05 0.00038415
-0.003 0.001 0.001 0.0015666 5.1438e-05 0.00043142
-0.003 0.001 0.002 0.0014822 4.7441e-05 0.000471
-0.003 0.001 0.003 0.0013946 4.3507e-05 0.00050289
-0.003 0.001 0.004 0.0013038 3.9638e-05 0.00052709
-0.003 0.001 0.005 0.0012098 3.5833e-05 0.00054361
-0.003 0.002 0.005 0.0012027 9.4197e-05 0.00053823
-0.003 0.002 0.004 0.0012961 0.0001034 0.00052155
-0.003 0.002 0.003 0.0013862 0.00011276 0.00049721
-0.003 0.002 0.002 0.0014731 0.00012227 0.00046521
-0.003 0.002 0.001 0.0015566 0.00013194 0.00042554
-0.003 0.002 0 0.0016368 0.00014175 0.00037822
-0.003 0.002 -0.001 0.0017137 0.00015173 0.00032323
-0.003 0.002 -0.002 0.0017874 0.00016185 0.00026058
-0.003 0.002 -0.003 0.0018577 0.00017213 0.00019027
-0.003 0.002 -0.004 0.0019247 0.00018256 0.00011229
-0.003 0.002 -0.005 0.0019884 0.00019315 2.6657e-05
-0.003 0.003 -0.005 0.0019534 0.00031067 1.4923e-05
-0.003 0.003 -0.004 0.0018929 0.00029376 0.00010033
-0.003 0.003 -0.003 0.0018288 0.00027711 0.00017816
-0.003 0.003 -0.002 0.0017613 0.00026072 0.0002484
-0.003 0.003 -0.001 0.0016902 0.00024458 0.00031105
-0.003 0.003 0 0.0016156 0.00022869 0.00036612
-0.003 0.003 0.001 0.0015374 0.00021305 0.00041361
-0.003 0.003 0.002 0.0014557 0.00019767 0.00045351
-0.003 0.003 0.003 0.0013705 0.00018255 0.00048582
-0.003 0.003 0.004 0.0012817 0.00016768 0.00051055
-0.003 0.003 0.005 0.0011894 0.00015306 0.0005277
-0.003 0.004 0.005 0.0011699 0.00021241 0.00051202
-0.003 0.004 0.004 0.0012605 0.00023246 0.0004941
-0.003 0.004 0.003 0.0013472 0.00025287 0.00046872
-0.003 0.004 0.002 0.0014301 0.00027365 0.00043589
-0.003 0.004 0.001 0.001509 0.0002948 0.00039561
-0.003 0.004 0 0.0015841 0.00031631 0.00034787
-0.003 0.004 -0.001 0.0016554 0.00033818 0.00029267
-0.003 0.004 -0.002 0.0017227 0.00036042 0.00023002
-0.003 0.004 -0.003 0.0017862 0.00038303 0.00015991
-0.003 0.004 -0.004 0.0018458 0.000406 8.2345e-05
-0.003 0.004 -0.005 0.0019016 0.00042934 -2.6748e-06
-0.003 0.005 -0.005 0.0018331 0.00054915 -2.6137e-05
-0.003 0.005 -0.004 0.0017836 0.00051927 5.8328e-05
-0.003 0.005 -0.003 0.0017298 0.00048987 0.00013552
-0.003 0.005 -0.002 0.0016717 0.00046096 0.00020544
-0.003 0.005 -0.001 0.0016093 0.00043254 0.00026808
-0.003 0.005 0 0.0015425 0.0004046 0.00032345
-0.003 0.005 0.001 0.0014715 0.00037716 0.00037155
-0.003 0.005 0.002 0.0013962 0.0003502 0.00041237
-0.003 0.005 0.003 0.0013166 0.00032373 0.00044592
-0.003 0.005 0.004 0.0012326 0.00029775 0.00047219
-0.003 0.005 0.005 0.0011444 0.00027226 0.00049119
-0.002 0.005 0.005 0.0010785 0.00024645 0.00041871
-0.002 0.005 0.004 0.0011547 0.00026902 0.00039828
-0.002 0.005 0.003 0.0012268 0.00029177 0.00037186
-0.002 0.005 0.002 0.0012949 0.00031469 0.00033945
-0.002 0.005 0.001 0.0013589 0.00033779 0.00030105
-0.002 0.005 0 0.0014189 0.00036106 0.00025667
-0.002 0.005 -0.001 0.0014748 0.0003845 0.00020629
-0.002 0.005 -0.002 0.0015267 0.00040812 0.00014993
-0.002 0.005 -0.003 0.0015745 0.00043192 8.757e-05
-0.002 0.005 -0.004 0.0016182 0.00045589 1.9226e-05
-0.002 0.005 -0.005 0.001658 0.00048004 -5.5107e-05
-0.002 0.004 -0.005 0.0017161 0.00037534 -3.5982e-05
-0.002 0.004 -0.004 0.0016718 0.0003566 3.8925e-05
-0.002 0.004 -0.003 0.0016236 0.00033794 0.00010769
-0.002 0.004 -0.002 0.0015717 0.00031937 0.00017031
-0.002 0.004 -0.001 0.0015159 0.0003009 0.0002268
-0.002 0.004 0 0.0014564 0.00028251 0.00027714
-0.002 0.004 0.001 0.001393 0.00026421 0.00032134
-0.002 0.004 0.002 0.0013258 0.000246 0.0003594
-0.002 0.004 0.003 0.0012548 0.00022788 0.00039132
-0.002 0.004 0.004 0.00118 0.00020985 0.00041709
-0.002 0.004 0.005 0.0011014 0.00019192 0.00043673
-0.002 0.003 0.005 0.0011188 0.00013795 0.00045032
-0.002 0.003 0.004 0.0011992 0.00015122 0.00043124
-0.002 0.003 0.003 0.0012761 0.00016451 0.00040592
-0.002 0.003 0.002 0.0013492 0.00017783 0.00037435
-0.002 0.003 0.001 0.0014188 0.00019117 0.00033653
-0.002 0.003 0 0.0014847 0.00020453 0.00029246
-0.002 0.003 -0.001 0.0015471 0.00021791 0.00024214
-0.002 0.003 -0.002 0.0016058 0.00023132 0.00018557
-0.002 0.003 -0.003 0.0016608 0.00024475 0.00012275
-0.002 0.003 -0.004 0.0017123 0.0002582 5.3688e-05
-0.002 0.003 -0.005 0.0017601 0.00027167 -2.1627e-05
-0.002 0.002 -0.005 0.00179 0.00016903 -1.2044e-05
-0.002 0.002 -0.004 0.0017398 0.0001607 6.3515e-05
-0.002 0.002 -0.003 0.0016861 0.00015234 0.00013276
-0.002 0.002 -0.002 0.0016289 0.00014395 0.0001957
-0.002 0.002 -0.001 0.0015682 0.00013555 0.00025232
-0.002 0.002 0 0.001504 0.00012711 0.00030262
-0.002 0.002 0.001 0.0014363 0.00011865 0.00034662
-0.002 0.002 0.002 0.0013651 0.00011017 0.0003843
-0.002 0.002 0.003 0.0012905 0.00010166 0.00041567
-0.002 0.002 0.004 0.0012123 9.3128e-05 0.00044073
-0.002 0.002 0.005 0.0011307 8.4568e-05 0.00045947
-0.002 0.001 0.005 0.001137 3.1758e-05 0.00046419
-0.002 0.001 0.004 0.0012193 3.557e-05 0.00044554
-0.002 0.001 0.003 0.0012981 3.9327e-05 0.00042057
-0.002 0.001 0.002 0.0013735 4.3029e-05 0.00038926
-0.002 0.001 0.001 0.0014455 4.6676e-05 0.00035161
-0.002 0.001 0 0.0015141 5.0268e-05 0.00030764
-0.002 0.001 -0.001 0.0015792 5.3806e-05 0.00025733
-0.002 0.001 -0.002 0.001641 5.7288e-05 0.00020069
-0.002 0.001 -0.003 0.0016993 6.0716e-05 0.00013771
-0.002 0.001 -0.004 0.0017542 6.4089e-05 6.8407e-05
-0.002 0.001 -0.005 0.0018057 6.7407e-05 -7.2317e-06
-0.002 0 -0.005 0.0018074 -3.3191e-05 -7.1905e-06
-0.002 0 -0.004 0.0017557 -3.1622e-05 6.8363e-05
-0.002 0 -0.003 0.0017006 -3.012e-05 0.00013761
-0.002 0 -0.002 0.0016421 -2.8683e-05 0.00020055
-0.002 0 -0.001 0.0015803 -2.7313e-05 0.00025718
-0.002 0 0 0.001515 -2.6009e-05 0.0003075
-0.002 0 0.001 0.0014464 -2.477e-05 0.00035151
-0.002 0 0.002 0.0013743 -2.3598e-05 0.00038921
-0.002 0 0.003 0.0012989 -2.2492e-05 0.00042061
-0.002 0 0.004 0.0012201 -2.1452e-05 0.0004457
-0.002 0 0.005 0.0011379 -2.0478e-05 0.00046448
-0.002 -0.001 0.005 0.0011332 -7.2138e-05 0.00046033
-0.002 -0.001 0.004 0.0012148 -7.7936e-05 0.00044118
-0.002 -0.001 0.003 0.0012929 -8.3794e-05 0.0004158
-0.002 -0.001 0.002 0.0013677 -8.9709e-05 0.00038417
-0.002 -0.001 0.001 0.001439 -9.5684e-05 0.00034631
-0.002 -0.001 0 0.0015069 -0.00010172 0.0003022
-0.002 -0.001 -0.001 0.0015713 -0.00010781 0.00025186
-0.002 -0.001 -0.002 0.0016323 -0.00011396 0.00019527
-0.002 -0.001 -0.003 0.0016899 -0.00012017 0.00013245
-0.002 -0.001 -0.004 0.0017441 -0.00012644 6.3384e-05
-0.002 -0.001 -0.005 0.0017949 -0.00013276 -1.192e-05
-0.002 -0.002 -0.005 0.0017682 -0.00023131 -2.1421e-05
-0.002 -0.002 -0.004 0.0017195 -0.00022036 5.3469e-05
-0.002 -0.002 -0.003 0.0016673 -0.00020943 0.00012223
-0.002 -0.002 -0.002 0.0016116 -0.00019854 0.00018487
-0.002 -0.002 -0.001 0.0015523 -0.00018768 0.00024138
-0.002 -0.002 0 0.0014895 -0.00017686 0.00029176
-0.002 -0.002 0.001 0.0014233 -0.00016607 0.00033601
-0.002 -0.002 0.002 0.0013534 -0.00015531 0.00037414
-0.002 -0.002 0.003 0.0012801 -0.00014458 0.00040613
-0.002 -0.002 0.004 0.0012033 -0.00013388 0.000432
-0.002 -0.002 0.005 0.0011229 -0.00012322 0.00045175
-0.002 -0.003 0.005 0.0011071 -0.00017373 0.00043873
-0.002 -0.003 0.004 0.0011857 -0.0001893 0.00041816
-0.002 -0.003 0.003 0.0012605 -0.00020485 0.00039162
-0.002 -0.003 0.002 0.0013317 -0.00022039 0.0003591
-0.002 -0.003 0.001 0.0013992 -0.00023591 0.00032061
-0.002 -0.003 0 0.0014631 -0.00025143 0.00027616
-0.002 -0.003 -0.001 0.0015233 -0.00026694 0.00022573
-0.002 -0.003 -0.002 0.0015798 -0.00028243 0.00016933
-0.002 -0.003 -0.003 0.0016327 -0.00029791 0.00010696
-0.002 -0.003 -0.004 0.0016819 -0.00031338 3.8618e-05
-0.002 -0.003 -0.005 0.0017274 -0.00032884 -3.5693e-05
-0.002 -0.004 -0.005 0.0016725 -0.00042534 -5.4736e-05
-0.002 -0.004 -0.004 0.0016313 -0.00040551 1.8832e-05
-0.002 -0.004 -0.003 0.0015861 -0.0003856 8.663e-05
-0.002 -0.004 -0.002 0.0015371 -0.00036562 0.00014866
-0.002 -0.004 -0.001 0.0014842 -0.00034556 0.00020492
-0.002 -0.004 0 0.0014275 -0.00032543 0.0002554
-0.002 -0.004 0.001 0.0013669 -0.00030523 0.00030012
-0.002 -0.004 0.002 0.0013024 -0.00028495 0.00033907
-0.002 -0.004 0.003 0.0012341 -0.0002646 0.00037224
-0.002 -0.004 0.004 0.0011619 -0.00024417 0.00039965
-0.002 -0.004 0.005 0.0010858 -0.00022367 0.00042129
-0.002 -0.005 0.005 0.001059 -0.00027303 0.0003994
-0.002 -0.005 0.004 0.001132 -0.00029851 0.00037647
-0.002 -0.005 0.003 0.0012009 -0.00032383 0.00034802
-0.002 -0.005 0.002 0.0012656 -0.000349 0.00031404
-0.002 -0.005 0.001 0.0013263 -0.00037401 0.00027453
-0.002 -0.005 0 0.0013828 -0.00039887 0.0002295
-0.002 -0.005 -0.001 0.0014352 -0.00042357 0.00017894
-0.002 -0.005 -0.002 0.0014834 -0.00044812 0.00012285
-0.002 -0.005 -0.003 0.0015276 -0.00047251 6.1245e-05
-0.002 -0.005 -0.004 0.0015676 -0.00049674 -5.8896e-06
-0.002 -0.005 -0.005 0.0016035 -0.00052082 -7.855e-05
-0.001 -0.005 -0.005 0.0014554 -0.00045257 -9.8933e-05
-0.001 -0.005 -0.004 0.0014267 -0.00043362 -3.5087e-05
-0.001 -0.005 -0.003 0.0013943 -0.00041427 2.429e-05
-0.001 -0.005 -0.002 0.001358 -0.00039452 7.9197e-05
-0.001 -0.005 -0.001 0.0013178 -0.00037437 0.00012964
-0.001 -0.005 0 0.0012738 -0.00035383 0.0001756
-0.001 -0.005 0.001 0.001226 -0.00033288 0.0002171
-0.001 -0.005 0.002 0.0011744 -0.00031153 0.00025413
-0.001 -0.005 0.003 0.0011189 -0.00028979 0.00028669
-0.001 -0.005 0.004 0.0010595 -0.00026765 0.00031478
-0.001 -0.005 0.005 0.00099638 -0.0002451 0.0003384
-0.001 -0.004 0.005 0.0010207 -0.00020101 0.00035697
-0.001 -0.004 0.004 0.0010868 -0.00021902 0.00033435
-0.001 -0.004 0.003 0.0011492 -0.00023677 0.00030705
-0.001 -0.004 0.002 0.0012078 -0.00025426 0.00027508
-0.001 -0.004 0.001 0.0012626 -0.0002715 0.00023842
-0.001 -0.004 0 0.0013138 -0.00028849 0.00019709
-0.001 -0.004 -0.001 0.0013612 -0.00030522 0.00015108
-0.001 -0.004 -0.002 0.0014048 -0.0003217 0.00010039
-0.001 -0.004 -0.003 0.0014447 -0.00033792 4.5024e-05
-0.001 -0.004 -0.004 0.0014809 -0.00035388 -1.5021e-05
-0.001 -0.004 -0.005 0.0015133 -0.00036959 -7.9745e-05
-0.001 -0.003 -0.005 0.0015594 -0.00028569 -6.4403e-05
-0.001 -0.003 -0.004 0.0015239 -0.00027335 1.0375e-06
-0.001 -0.003 -0.003 0.0014848 -0.00026088 6.1628e-05
-0.001 -0.003 -0.002 0.001442 -0.00024828 0.00011737
-0.001 -0.003 -0.001 0.0013956 -0.00023555 0.00016826
-0.001 -0.003 0 0.0013455 -0.00022268 0.0002143
-0.001 -0.003 0.001 0.0012918 -0.00020967 0.00025549
-0.001 -0.003 0.002 0.0012343 -0.00019653 0.00029183
-0.001 -0.003 0.003 0.0011733 -0.00018326 0.00032332
-0.001 -0.003 0.004 0.0011085 -0.00016986 0.00034997
-0.001 -0.003 0.005 0.0010401 -0.00015632 0.00037176
-0.001 -0.002 0.005 0.0010545 -0.00011103 0.00038277
-0.001 -0.002 0.004 0.0011246 -0.00012017 0.00036163
-0.001 -0.002 0.003 0.0011911 -0.00012928 0.00033551
-0.001 -0.002 0.002 0.0012541 -0.00013835 0.0003044
-0.001 -0.002 0.001 0.0013134 -0.00014738 0.00026831
-0.001 -0.002 0 0.0013691 -0.00015638 0.00022723
-0.001 -0.002 -0.001 0.0014212 -0.00016535 0.00018117
-0.001 -0.002 -0.002 0.0014697 -0.00017428 0.00013013
-0.001 -0.002 -0.003 0.0015146 -0.00018318 7.4102e-05
-0.001 -0.002 -0.004 0.0015559 -0.00019204 1.3089e-05
-0.001 -0.002 -0.005 0.0015935 -0.00020087 -5.2907e-05
-0.001 -0.001 -0.005 0.0016158 -0.00011513 -4.5256e-05
-0.001 -0.001 -0.004 0.0015767 -0.00010994 2.1135e-05
-0.001 -0.001 -0.003 0.001534 -0.0001048 8.2445e-05
-0.001 -0.001 -0.002 0.0014877 -9.9694e-05 0.00013867
-0.001 -0.001 -0.001 0.0014378 -9.4634e-05 0.00018982
-0.001 -0.001 0 0.0013844 -8.9615e-05 0.00023589
-0.001 -0.001 0.001 0.0013275 -8.4638e-05 0.00027688
-0.001 -0.001 0.002 0.0012669 -7.9703e-05 0.00031278
-0.001 -0.001 0.003 0.0012028 -7.4809e-05 0.00034361
-0.001 -0.001 0.004 0.0011351 -6.9958e-05 0.00036935
-0.001 -0.001 0.005 0.0010639 -6.5147e-05 0.00039002
-0.001 0 0.005 0.0010683 -1.8667e-05 0.00039349
-0.001 0 0.004 0.00114 -1.9216e-05 0.00037312
-0.001 0 0.003 0.0012083 -1.986e-05 0.00034762
-0.001 0 0.002 0.0012729 -2.0601e-05 0.00031698
-0.001 0 0.001 0.001334 -2.1437e-05 0.00028119
-0.001 0 0 0.0013916 -2.2369e-05 0.00024027
-0.001 0 -0.001 0.0014456 -2.3396e-05 0.0001942
-0.001 0 -0.002 0.0014961 -2.452e-05 0.000143
-0.001 0 -0.003 0.001543 -2.5739e-05 8.6657e-05
-0.001 0 -0.004 0.0015864 -2.7054e-05 2.5173e-05
-0.001 0 -0.005 0.0016262 -2.8465e-05 -4.1451e-05
-0.001 0.001 -0.005 0.0016246 5.9115e-05 -4.1492e-05
-0.001 0.001 -0.004 0.0015849 5.6617e-05 2.5204e-05
-0.001 0.001 -0.003 0.0015417 5.3993e-05 8.6739e-05
-0.001 0.001 -0.002 0.0014949 5.1241e-05 0.00014311
-0.001 0.001 -0.001 0.0014445 4.8361e-05 0.00019432
-0.001 0.001 0 0.0013906 4.5355e-05 0.00024037
-0.001 0.001 0.001 0.0013331 4.2221e-05 0.00028126
-0.001 0.001 0.002 0.0012721 3.8959e-05 0.00031698
-0.001 0.001 0.003 0.0012075 3.557e-05 0.00034754
-0.001 0.001 0.004 0.0011394 3.2054e-05 0.00037294
-0.001 0.001 0.005 0.0010676 2.8411e-05 0.00039318
-0.001 0.002 0.005 0.0010621 7.6085e-05 0.0003891
-0.001 0.002 0.004 0.0011331 8.3852e-05 0.00036881
-0.001 0.002 0.003 0.0012005 9.1483e-05 0.00034338
-0.001 0.002 0.002 0.0012644 9.8977e-05 0.0003128
-0.001 0.002 0.001 0.0013247 0.00010633 0.00027707
-0.001 0.002 0 0.0013814 0.00011356 0.00023619
-0.001 0.002 -0.001 0.0014345 0.00012064 0.00019017
-0.001 0.002 -0.002 0.0014841 0.00012759 0.00013901
-0.001 0.002 -0.003 0.00153 0.0001344 8.269e-05
-0.001 0.002 -0.004 0.0015724 0.00014108 2.1229e-05
-0.001 0.002 -0.005 0.0016112 0.00014761 -4.5379e-05
-0.001 0.003 -0.005 0.0015859 0.00023703 -5.3112e-05
-0.001 0.003 -0.004 0.0015488 0.00022632 1.3247e-05
-0.001 0.003 -0.003 0.001508 0.00021548 7.4511e-05
-0.001 0.003 -0.002 0.0014636 0.00020452 0.00013068
-0.001 0.003 -0.001 0.0014156 0.00019344 0.00018176
-0.001 0.003 0 0.001364 0.00018223 0.00022774
-0.001 0.003 0.001 0.0013087 0.0001709 0.00026863
-0.001 0.003 0.002 0.0012499 0.00015945 0.00030443
-0.001 0.003 0.003 0.0011874 0.00014788 0.00033513
-0.001 0.003 0.004 0.0011212 0.00013618 0.00036073
-0.001 0.003 0.005 0.0010515 0.00012436 0.00038125
-0.001 0.004 0.005 0.0010359 0.00017322 0.00036962
-0.001 0.004 0.004 0.0011038 0.00018903 0.00034871
-0.001 0.004 0.003 0.001168 0.00020475 0.00032279
-0.001 0.004 0.002 0.0012285 0.00022038 0.00029187
-0.001 0.004 0.001 0.0012853 0.00023593 0.00025594
-0.001 0.004 0 0.0013384 0.00025139 0.00021501
-0.001 0.004 -0.001 0.0013878 0.00026676 0.00016908
-0.001 0.004 -0.002 0.0014336 0.00028204 0.00011814
-0.001 0.004 -0.003 0.0014756 0.00029724 6.2202e-05
-0.001 0.004 -0.004 0.001514 0.00031235 1.2578e-06
-0.001 0.004 -0.005 0.0015487 0.00032737 -6.469e-05
-0.001 0.005 -0.005 0.0014996 0.00041863 -8.0114e-05
-0.001 0.005 -0.004 0.0014681 0.00039917 -1.4738e-05
-0.001 0.005 -0.003 0.0014329 0.00037967 4.5762e-05
-0.001 0.005 -0.002 0.0013939 0.00036015 0.00010139
-0.001 0.005 -0.001 0.0013512 0.0003406 0.00015213
-0.001 0.005 0 0.0013046 0.00032102 0.00019801
-0.001 0.005 0.001 0.0012543 0.00030141 0.000239
-0.001 0.005 0.002 0.0012002 0.00028178 0.00027512
-0.001 0.005 0.003 0.0011424 0.00026211 0.00030636
-0.001 0.005 0.004 0.0010807 0.00024241 0.00033273
-0.001 0.005 0.005 0.0010153 0.00022269 0.00035422
0 0.005 0.005 0.0009549 0.00020098 0.00029773
0 0.005 0.004 0.0010109 0.00021793 0.00027555
0 0.005 0.003 0.0010633 0.00023475 0.00024943
0 0.005 0.002 0.0011123 0.00025146 0.00021938
0 0.005 0.001 0.0011578 0.00026804 0.00018539
0 0.005 0 0.0011999 0.0002845 0.00014747
0 0.005 -0.001 0.0012384 0.00030083 0.00010561
0 0.005 -0.002 0.0012735 0.00031704 5.9819e-05
0 0.005 -0.003 0.0013051 0.00033313 1.0094e-05
0 0.005 -0.004 0.0013333 0.00034909 -4.3565e-05
0 0.005 -0.005 0.0013579 0.00036493 -0.00010116
0 0.004 -0.005 0.0013993 0.00028542 -8.8801e-05
0 0.004 -0.004 0.0013725 0.00027326 -3.0657e-05
0 0.004 -0.003 0.0013422 0.00026093 2.3443e-05
0 0.004 -0.002 0.0013084 0.00024843 7.3501e-05
0 0.004 -0.001 0.0012711 0.00023577 0.00011951
0 0.004 0 0.0012303 0.00022295 0.00016149
0 0.004 0.001 0.0011859 0.00020996 0.00019941
0 0.004 0.002 0.0011381 0.0001968 0.0002333
0 0.004 0.003 0.0010867 0.00018348 0.00026314
0 0.004 0.004 0.0010318 0.00016999 0.00028894
0 0.004 0.005 0.00097335 0.00015634 0.0003107
0 0.003 0.005 0.00098729 0.00011226 0.00032049
0 0.003 0.004 0.0010476 0.00012254 0.00029903
0 0.003 0.003 0.0011044 0.00013263 0.00027344
0 0.003 0.002 0.0011576 0.00014254 0.00024374
0 0.003 0.001 0.0012072 0.00015227 0.00020992
0 0.003 0 0.0012533 0.00016181 0.00017197
0 0.003 -0.001 0.0012959 0.00017117 0.00012991
0 0.003 -0.002 0.0013349 0.00018034 8.373e-05
0 0.003 -0.003 0.0013704 0.00018932 3.343e-05
0 0.003 -0.004 0.0014023 0.00019813 -2.0991e-05
0 0.003 -0.005 0.0014307 0.00020675 -7.953e-05
0 0.002 -0.005 0.0014521 0.0001289 -7.3348e-05
0 0.002 -0.004 0.0014226 0.0001237 -1.4566e-05
0 0.002 -0.003 0.0013896 0.00011832 4.0053e-05
0 0.002 -0.002 0.001353 0.00011275 9.0509e-05
0 0.002 -0.001 0.0013128 0.00010701 0.0001368
0 0.002 0 0.0012691 0.00010108 0.00017893
0 0.002 0.001 0.0012217 9.4974e-05 0.0002169
0 0.002 0.002 0.0011708 8.8688e-05 0.0002507
0 0.002 0.003 0.0011164 8.2221e-05 0.00028034
0 0.002 0.004 0.0010583 7.5574e-05 0.00030581
0 0.002 0.005 0.00099672 6.8747e-05 0.00032712
0 0.001 0.005 0.0010016 2.5792e-05 0.00033058
0 0.001 0.004 0.001064 2.9092e-05 0.00030929
0 0.001 0.003 0.0011227 3.2239e-05 0.00028382
0 0.001 0.002 0.0011779 3.5232e-05 0.00025417
0 0.001 0.001 0.0012295 3.8072e-05 0.00022035
0 0.001 0 0.0012775 4.0759e-05 0.00018235
0 0.001 -0.001 0.0013219 4.3293e-05 0.00014018
0 0.001 -0.002 0.0013627 4.5673e-05 9.3835e-05
0 0.001 -0.003 0.0013999 4.7901e-05 4.3313e-05
0 0.001 -0.004 0.0014335 4.9975e-05 -1.1383e-05
0 0.001 -0.005 0.0014635 5.1896e-05 -7.0255e-05
0 0 -0.005 0.0014649 -2.4278e-05 -7.0249e-05
0 0 -0.004 0.0014349 -2.3047e-05 -1.1442e-05
0 0 -0.003 0.0014012 -2.1919e-05 4.3211e-05
0 0 -0.002 0.0013639 -2.0894e-05 9.371e-05
0 0 -0.001 0.001323 -1.9972e-05 0.00014005
0 0 0 0.0012785 -1.9153e-05 0.00018224
0 0 0.001 0.0012304 -1.8436e-05 0.00022028
0 0 0.002 0.0011788 -1.7823e-05 0.00025416
0 0 0.003 0.0011235 -1.7313e-05 0.00028389
0 0 0.004 0.0010646 -1.6906e-05 0.00030946
0 0 0.005 0.0010021 -1.6602e-05 0.00033088
0 -0.001 0.005 0.00099798 -5.8435e-05 0.000328
0 -0.001 0.004 0.0010601 -6.2419e-05 0.00030632
0 -0.001 0.003 0.0011185 -6.6434e-05 0.00028055
0 -0.001 0.002 0.0011734 -7.0478e-05 0.00025067
0 -0.001 0.001 0.0012246 -7.4552e-05 0.00021668
0 -0.001 0 0.0012723 -7.8655e-05 0.0001786
0 -0.001 -0.001 0.0013163 -8.2789e-05 0.00013642
0 -0.001 -0.002 0.0013567 -8.6952e-05 9.0133e-05
0 -0.001 -0.003 0.0013936 -9.1145e-05 3.9746e-05
0 -0.001 -0.004 0.0014268 -9.5367e-05 -1.4742e-05
0 -0.001 -0.005 0.0014564 -9.9619e-05 -7.3332e-05
0 -0.002 -0.005 0.0014379 -0.00017413 -7.9503e-05
0 -0.002 -0.004 0.0014092 -0.00016698 -2.1285e-05
0 -0.002 -0.003 0.001377 -0.00015978 3.2918e-05
0 -0.002 -0.002 0.0013412 -0.0001525 8.3104e-05
0 -0.002 -0.001 0.0013017 -0.00014516 0.00012927
0 -0.002 0 0.0012587 -0.00013775 0.00017143
0 -0.002 0.001 0.001212 -0.00013027 0.00020957
0 -0.002 0.002 0.0011618 -0.00012273 0.00024369
0 -0.002 0.003 0.0011079 -0.00011512 0.00027379
0 -0.002 0.004 0.0010505 -0.00010745 0.00029988
0 -0.002 0.005 0.00098939 -9.9707e-05 0.00032196
0 -0.003 0.005 0.00097628 -0.00014042 0.00031274
0 -0.003 0.004 0.0010358 -0.00015199 0.00029014
0 -0.003 0.003 0.0010917 -0.00016338 0.00026363
0 -0.003 0.002 0.001144 -0.00017459 0.00023323
0 -0.003 0.001 0.0011927 -0.0001856 0.00019892
0 -0.003 0 0.0012378 -0.00019643 0.00016072
0 -0.003 -0.001 0.0012793 -0.00020708 0.00011862
0 -0.003 -0.002 0.0013172 -0.00021754 7.2624e-05
0 -0.003 -0.003 0.0013515 -0.00022781 2.2727e-05
0 -0.003 -0.004 0.0013822 -0.0002379 -3.1069e-05
0 -0.003 -0.005 0.0014094 -0.0002478 -8.8763e-05
0 -0.004 -0.005 0.0013709 -0.00032064 -0.00010111
0 -0.004 -0.004 0.0013458 -0.00030811 -4.4094e-05
0 -0.004 -0.003 0.0013171 -0.00029525 9.1732e-06
0 -0.004 -0.002 0.0012848 -0.00028207 5.8692e-05
0 -0.004 -0.001 0.0012489 -0.00026855 0.00010446
0 -0.004 0 0.0012095 -0.00025471 0.00014648
0 -0.004 0.001 0.0011665 -0.00024054 0.00018476
0 -0.004 0.002 0.0011199 -0.00022604 0.00021928
0 -0.004 0.003 0.0010697 -0.00021121 0.00025006
0 -0.004 0.004 0.001016 -0.00019605 0.00027708
0 -0.004 0.005 0.00095868 -0.00018057 0.00030036
0 -0.005 0.005 0.00093656 -0.00022016 0.00028481
0 -0.005 0.004 0.00099114 -0.00023963 0.00026073
0 -0.005 0.003 0.0010422 -0.00025861 0.00023307
0 -0.005 0.002 0.0010896 -0.00027709 0.00020185
0 -0.005 0.001 0.0011336 -0.00029508 0.00016707
0 -0.005 0 0.0011739 -0.00031258 0.00012871
0 -0.005 -0.001 0.0012107 -0.00032958 8.6794e-05
0 -0.005 -0.002 0.001244 -0.00034609 4.1308e-05
0 -0.005 -0.003 0.0012737 -0.0003621 -7.7434e-06
0 -0.005 -0.004 0.0012998 -0.00037762 -6.0362e-05
0 -0.005 -0.005 0.0013224 -0.00039265 -0.00011655
0.001 -0.005 -0.005 0.0012047 -0.00034104 -0.00013139
0.001 -0.005 -0.004 0.0011869 -0.00032874 -8.1714e-05
0.001 -0.005 -0.003 0.0011659 -0.00031599 -3.4855e-05
0.001 -0.005 -0.002 0.0011415 -0.00030281 9.188e-06
0.001 -0.005 -0.001 0.0011139 -0.00028919 5.0415e-05
0.001 -0.005 0 0.0010831 -0.00027512 8.8825e-05
0.001 -0.005 0.001 0.0010489 -0.00026062 0.00012442
0.001 -0.005 0.002 0.0010115 -0.00024567 0.0001572
0.001 -0.005 0.003 0.00097077 -0.00023029 0.00018716
0.001 -0.005 0.004 0.00092679 -0.00021446 0.00021431
0.001 -0.005 0.005 0.00087952 -0.00019819 0.00023864
0.001 -0.004 0.005 0.00089963 -0.00016235 0.00025147
0.001 -0.004 0.004 0.00094942 -0.00017528 0.00022786
0.001 -0.004 0.003 0.00099582 -0.00018793 0.00020126
0.001 -0.004 0.002 0.0010388 -0.00020028 0.00017168
0.001 -0.004 0.001 0.0010785 -0.00021233 0.00013912
0.001 -0.004 0 0.0011147 -0.0002241 0.00010358
0.001 -0.004 -0.001 0.0011476 -0.00023556 6.5061e-05
0.001 -0.004 -0.002 0.0011771 -0.00024674 2.356e-05
0.001 -0.004 -0.003 0.0012032 -0.00025762 -2.0923e-05
0.001 -0.004 -0.004 0.0012259 -0.0002682 -6.8387e-05
0.001 -0.004 -0.005 0.0012453 -0.00027849 -0.00011883
0.001 -0.003 -0.005 0.0012774 -0.00021518 -0.00010877
0.001 -0.003 -0.004 0.0012568 -0.00020702 -5.77e-05
0.001 -0.003 -0.003 0.0012328 -0.00019869 -9.7447e-06
0.001 -0.003 -0.002 0.0012053 -0.0001902 3.5094e-05
0.001 -0.003 -0.001 0.0011743 -0.00018154 7.6815e-05
0.001 -0.003 0 0.0011398 -0.00017271 0.00011542
0.001 -0.003 0.001 0.0011019 -0.00016371 0.00015091
0.001 -0.003 0.002 0.0010605 -0.00015454 0.00018328
0.001 -0.003 0.003 0.0010157 -0.00014521 0.00021253
0.001 -0.003 0.004 0.00096742 -0.0001357 0.00023867
0.001 -0.003 0.005 0.00091566 -0.00012603 0.00026169
0.001 -0.002 0.005 0.00092762 -8.9249e-05 0.00026929
0.001 -0.002 0.004 0.0009808 -9.5715e-05 0.00024675
0.001 -0.002 0.003 0.0010305 -0.00010212 0.00022098
0.001 -0.002 0.002 0.0010766 -0.00010846 0.00019199
0.001 -0.002 0.001 0.0011193 -0.00011474 0.00015978
0.001 -0.002 0 0.0011584 -0.00012095 0.00012434
0.001 -0.002 -0.001 0.001194 -0.00012711 8.5677e-05
0.001 -0.002 -0.002 0.0012261 -0.0001332 4.3791e-05
0.001 -0.002 -0.003 0.0012546 -0.00013923 -1.3195e-06
0.001 -0.002 -0.004 0.0012797 -0.00014519 -4.9653e-05
0.001 -0.002 -0.005 0.0013012 -0.00015109 -0.00010121
0.001 -0.001 -0.005 0.0013167 -8.6245e-05 -9.6149e-05
0.001 -0.001 -0.004 0.0012945 -8.2719e-05 -4.4247e-05
0.001 -0.001 -0.003 0.0012688 -7.9215e-05 4.3525e-06
0.001 -0.001 -0.002 0.0012395 -7.5733e-05 4.965e-05
0.001 -0.001 -0.001 0.0012067 -7.2275e-05 9.1646e-05
0.001 -0.001 0 0.0011704 -6.8839e-05 0.00013034
0.001 -0.001 0.001 0.0011305 -6.5426e-05 0.00016573
0.001 -0.001 0.002 0.001087 -6.2035e-05 0.00019782
0.001 -0.001 0.003 0.0010401 -5.8667e-05 0.00022661
0.001 -0.001 0.004 0.00098956 -5.5322e-05 0.0002521
0.001 -0.001 0.005 0.0009355 -5.1999e-05 0.00027428
0.001 0 0.005 0.00093931 -1.4282e-05 0.00027665
0.001 0 0.004 0.0009937 -1.4522e-05 0.00025471
0.001 0 0.003 0.0010445 -1.485e-05 0.00022941
0.001 0 0.002 0.0010918 -1.5266e-05 0.00020077
0.001 0 0.001 0.0011356 -1.5769e-05 0.00016877
0.001 0 0 0.0011758 -1.636e-05 0.00013342
0.001 0 -0.001 0.0012125 -1.7039e-05 9.4723e-05
0.001 0 -0.002 0.0012456 -1.7805e-05 5.2673e-05
0.001 0 -0.003 0.0012752 -1.8659e-05 7.2713e-06
0.001 0 -0.004 0.0013012 -1.9601e-05 -4.1481e-05
0.001 0 -0.005 0.0013237 -2.0631e-05 -9.3585e-05
0.001 0.001 -0.005 0.0013223 4.575e-05 -9.3519e-05
0.001 0.001 -0.004 0.0012998 4.4161e-05 -4.1356e-05
0.001 0.001 -0.003 0.0012738 4.244e-05 7.4368e-06
0.001 0.001 -0.002 0.0012443 4.0586e-05 5.2858e-05
0.001 0.001 -0.001 0.0012112 3.86e-05 9.4907e-05
0.001 0.001 0 0.0011747 3.6482e-05 0.00013358
0.001 0.001 0.001 0.0011346 3.4231e-05 0.00016889
0.001 0.001 0.002 0.001091 3.1847e-05 0.00020083
0.001 0.001 0.003 0.0010439 2.9331e-05 0.00022939
0.001 0.001 0.004 0.00099321 2.6683e-05 0.00025458
0.001 0.001 0.005 0.00093905 2.3902e-05 0.0002764
0.001 0.002 0.005 0.00093471 6.2554e-05 0.00027354
0.001 0.002 0.004 0.0009881 6.8294e-05 0.00025172
0.001 0.002 0.003 0.001038 7.3878e-05 0.00022654
0.001 0.002 0.002 0.0010845 7.9304e-05 0.000198
0.001 0.002 0.001 0.0011275 8.4574e-05 0.0001661
0.001 0.002 0 0.001167 8.9687e-05 0.00013083
0.001 0.002 -0.001 0.001203 9.4643e-05 9.2199e-05
0.001 0.002 -0.002 0.0012356 9.9442e-05 5.0205e-05
0.001 0.002 -0.003 0.0012647 0.00010408 4.8492e-06
0.001 0.002 -0.004 0.0012904 0.00010857 -4.387e-05
0.001 0.002 -0.005 0.0013126 0.0001129 -9.5952e-05
0.001 0.003 -0.005 0.0012944 0.00018081 -0.00010088
0.001 0.003 -0.004 0.0012729 0.00017362 -4.9025e-05
0.001 0.003 -0.003 0.0012479 0.00016627 -4.9172e-07
0.001 0.003 -0.002 0.0012196 0.00015876 4.4716e-05
0.001 0.003 -0.001 0.0011879 0.00015109 8.6598e-05
0.001 0.003 0 0.0011527 0.00014325 0.00012515
0.001 0.003 0.001 0.0011142 0.00013526 0.00016039
0.001 0.003 0.002 0.0010723 0.0001271 0.00019229
0.001 0.003 0.003 0.001027 0.00011879 0.00022087
0.001 0.003 0.004 0.00097837 0.00011031 0.00024613
0.001 0.003 0.005 0.00092629 0.00010167 0.00026805
0.001 0.004 0.005 0.0009138 0.00014126 0.00025995
0.001 0.004 0.004 0.00096401 0.00015273 0.00023779
0.001 0.004 0.003 0.0010109 0.00016406 0.00021237
0.001 0.004 0.002 0.0010546 0.00017525 0.0001837
0.001 0.004 0.001 0.0010949 0.00018629 0.00015176
0.001 0.004 0 0.001132 0.00019719 0.00011656
0.001 0.004 -0.001 0.0011657 0.00020794 7.8105e-05
0.001 0.004 -0.002 0.0011962 0.00021854 3.6389e-05
0.001 0.004 -0.003 0.0012234 0.000229 -8.5858e-06
0.001 0.004 -0.004 0.0012473 0.00023932 -5.682e-05
0.001 0.004 -0.005 0.0012679 0.00024949 -0.00010831
0.001 0.005 -0.005 0.001233 0.00031894 -0.00011824
0.001 0.005 -0.004 0.0012136 0.00030566 -6.7255e-05
0.001 0.005 -0.003 0.0011911 0.00029228 -1.9433e-05
0.001 0.005 -0.002 0.0011654 0.00027879 2.5225e-05
0.001 0.005 -0.001 0.0011366 0.00026519 6.6719e-05
0.001 0.005 0 0.0011046 0.00025148 0.00010505
0.001 0.005 0.001 0.0010694 0.00023766 0.00014021
0.001 0.005 0.002 0.0010311 0.00022374 0.00017222
0.001 0.005 0.003 0.00098966 0.0002097 0.00020105
0.001 0.005 0.004 0.00094503 0.00019556 0.00022673
0.001 0.005 0.005 0.00089724 0.00018131 0.00024924
0.002 0.005 0.005 0.00084234 0.0001637 0.00020875
0.002 0.005 0.004 0.00088326 0.00017532 0.00018628
0.002 0.005 0.003 0.00092137 0.00018696 0.00016124
0.002 0.005 0.002 0.00095666 0.00019862 0.00013365
0.002 0.005 0.001 0.00098914 0.00021029 0.00010348
0.002 0.005 0 0.0010188 0.00022197 7.0754e-05
0.002 0.005 -0.001 0.0010456 0.00023368 3.5461e-05
0.002 0.005 -0.002 0.0010697 0.0002454 -2.3972e-06
0.002 0.005 -0.003 0.0010909 0.00025713 -4.282e-05
0.002 0.005 -0.004 0.0011093 0.00026889 -8.5808e-05
0.002 0.005 -0.005 0.0011249 0.00028065 -0.00013136
0.002 0.004 -0.005 0.0011546 0.00021958 -0.00012323
0.002 0.004 -0.004 0.0011384 0.00021054 -7.723e-05
0.002 0.004 -0.003 0.0011192 0.00020147 -3.3885e-05
0.002 0.004 -0.002 0.0010969 0.00019237 6.8074e-06
0.002 0.004 -0.001 0.0010717 0.00018325 4.4848e-05
0.002 0.004 0 0.0010435 0.0001741 8.0236e-05
0.002 0.004 0.001 0.0010122 0.00016493 0.00011297
0.002 0.004 0.002 0.00097798 0.00015573 0.00014306
0.002 0.004 0.003 0.00094074 0.00014651 0.00017049
0.002 0.004 0.004 0.0009005 0.00013726 0.00019527
0.002 0.004 0.005 0.00085726 0.00012798 0.0002174
0.002 0.003 0.005 0.00086848 9.2587e-05 0.00022393
0.002 0.003 0.004 0.00091354 9.9489e-05 0.00020202
0.002 0.003 0.003 0.00095544 0.00010634 0.00017741
0.002 0.003 0.002 0.00099419 0.00011313 0.00015008
0.002 0.003 0.001 0.0010298 0.00011988 0.00012004
0.002 0.003 0 0.0010622 0.00012657 8.7283e-05
0.002 0.003 -0.001 0.0010915 0.00013321 5.1817e-05
0.002 0.003 -0.002 0.0011177 0.00013979 1.3638e-05
0.002 0.003 -0.003 0.0011407 0.00014632 -2.7252e-05
0.002 0.003 -0.004 0.0011605 0.0001528 -7.0855e-05
0.002 0.003 -0.005 0.0011772 0.00015923 -0.00011717
0.002 0.002 -0.005 0.0011927 9.9594e-05 -0.00011319
0.002 0.002 -0.004 0.0011757 9.5683e-05 -6.6683e-05
0.002 0.002 -0.003 0.0011555 9.1705e-05 -2.2921e-05
0.002 0.002 -0.002 0.001132 8.7661e-05 1.8096e-05
0.002 0.002 -0.001 0.0011052 8.3552e-05 5.6367e-05
0.002 0.002 0 0.0010752 7.9376e-05 9.1893e-05
0.002 0.002 0.001 0.0010419 7.5134e-05 0.00012467
0.002 0.002 0.002 0.0010053 7.0826e-05 0.00015471
0.002 0.002 0.003 0.00096546 6.6452e-05 0.000182
0.002 0.002 0.004 0.00092237 6.2012e-05 0.00020654
0.002 0.002 0.005 0.00087601 5.7506e-05 0.00022834
0.002 0.001 0.005 0.00087985 2.2741e-05 0.00023063
0.002 0.001 0.004 0.000927 2.4827e-05 0.00020882
0.002 0.001 0.003 0.00097081 2.6849e-05 0.00018426
0.002 0.001 0.002 0.0010113 2.8805e-05 0.00015695
0.002 0.001 0.001 0.0010484 3.0696e-05 0.00012688
0.002 0.001 0 0.0010822 3.2522e-05 9.4066e-05
0.002 0.001 -0.001 0.0011127 3.4283e-05 5.8499e-05
0.002 0.001 -0.002 0.0011398 3.5979e-05 2.018e-05
0.002 0.001 -0.003 0.0011636 3.761e-05 -2.0891e-05
0.002 0.001 -0.004 0.001184 3.9176e-05 -6.4713e-05
0.002 0.001 -0.005 0.0012011 4.0677e-05 -0.00011129
0.002 0 -0.005 0.0012024 -1.7522e-05 -0.00011146
0.002 0 -0.004 0.0011854 -1.6716e-05 -6.4945e-05
0.002 0 -0.003 0.0011649 -1.596e-05 -2.1162e-05
0.002 0 -0.002 0.0011411 -1.5254e-05 1.989e-05
0.002 0 -0.001 0.0011139 -1.4598e-05 5.8211e-05
0.002 0 0 0.0010834 -1.3991e-05 9.3803e-05
0.002 0 0.001 0.0010495 -1.3435e-05 0.00012666
0.002 0 0.002 0.0010122 -1.2928e-05 0.00015679
0.002 0 0.003 0.00097148 -1.2472e-05 0.00018419
0.002 0 0.004 0.00092742 -1.2065e-05 0.00020886
0.002 0 0.005 0.00087999 -1.1708e-05 0.0002308
0.002 -0.001 0.005 0.00087643 -4.5841e-05 0.00022886
0.002 -0.001 0.004 0.00092364 -4.8664e-05 0.00020667
0.002 -0.001 0.003 0.00096747 -5.1509e-05 0.0001818
0.002 -0.001 0.002 0.0010079 -5.4374e-05 0.00015425
0.002 -0.001 0.001 0.001045 -5.7259e-05 0.00012402
0.002 -0.001 0 0.0010787 -6.0165e-05 9.1103e-05
0.002 -0.001 -0.001 0.001109 -6.3092e-05 5.5506e-05
0.002 -0.001 -0.002 0.001136 -6.6039e-05 1.7226e-05
0.002 -0.001 -0.003 0.0011596 -6.9007e-05 -2.3736e-05
0.002 -0.001 -0.004 0.0011798 -7.1995e-05 -6.738e-05
0.002 -0.001 -0.005 0.0011966 -7.5004e-05 -0.00011371
0.002 -0.002 -0.005 0.0011836 -0.00013177 -0.00011803
0.002 -0.002 -0.004 0.0011672 -0.00012666 -7.2017e-05
0.002 -0.002 -0.003 0.0011475 -0.00012153 -2.861e-05
0.002 -0.002 -0.002 0.0011244 -0.00011638 1.2189e-05
0.002 -0.002 -0.001 0.0010979 -0.0001112 5.0382e-05
0.002 -0.002 0 0.0010681 -0.000106 8.5967e-05
0.002 -0.002 0.001 0.001035 -0.00010078 0.00011895
0.002 -0.002 0.002 0.00099858 -9.5531e-05 0.00014932
0.002 -0.002 0.003 0.00095879 -9.0263e-05 0.00017708
0.002 -0.002 0.004 0.00091566 -8.4971e-05 0.00020224
0.002 -0.002 0.005 0.00086919 -7.9657e-05 0.00022479
0.002 -0.003 0.005 0.00085825 -0.00011316 0.0002186
0.002 -0.003 0.004 0.00090347 -0.00012099 0.00019557
0.002 -0.003 0.003 0.00094543 -0.00012873 0.00017003
0.002 -0.003 0.002 0.00098412 -0.0001364 0.00014199
0.002 -0.003 0.001 0.0010196 -0.00014399 0.00011145
0.002 -0.003 0 0.0010517 -0.00015149 7.8395e-05
0.002 -0.003 -0.001 0.0010806 -0.00015892 4.2839e-05
0.002 -0.003 -0.002 0.0011063 -0.00016626 4.7784e-06
0.002 -0.003 -0.003 0.0011286 -0.00017353 -3.5787e-05
0.002 -0.003 -0.004 0.0011477 -0.00018071 -7.8856e-05
0.002 -0.003 -0.005 0.0011636 -0.00018781 -0.00012443
0.002 -0.004 -0.005 0.0011364 -0.00024314 -0.00013291
0.002 -0.004 -0.004 0.0011213 -0.00023415 -8.7898e-05
0.002 -0.004 -0.003 0.0011031 -0.000225 -4.5265e-05
0.002 -0.004 -0.002 0.0010817 -0.0002157 -5.006e-06
0.002 -0.004 -0.001 0.0010571 -0.00020625 3.2877e-05
0.002 -0.004 0 0.0010294 -0.00019665 6.8386e-05
0.002 -0.004 0.001 0.00099856 -0.00018689 0.00010152
0.002 -0.004 0.002 0.00096456 -0.00017698 0.00013228
0.002 -0.004 0.003 0.00092739 -0.00016692 0.00016066
0.002 -0.004 0.004 0.00088708 -0.00015671 0.00018667
0.002 -0.004 0.005 0.00084361 -0.00014634 0.0002103
0.002 -0.005 0.005 0.00082528 -0.00017921 0.00019987
0.002 -0.005 0.004 0.00086648 -0.00019214 0.00017552
0.002 -0.005 0.003 0.00090468 -0.00020483 0.00014896
0.002 -0.005 0.002 0.00093988 -0.00021728 0.00012017
0.002 -0.005 0.001 0.00097207 -0.00022949 8.9164e-05
0.002 -0.005 0 0.0010013 -0.00024146 5.594e-05
0.002 -0.005 -0.001 0.0010274 -0.0002532 2.0497e-05
0.002 -0.005 -0.002 0.0010506 -0.00026469 -1.7164e-05
0.002 -0.005 -0.003 0.0010708 -0.00027595 -5.7044e-05
0.002 -0.005 -0.004 0.001088 -0.00028697 -9.9143e-05
0.002 -0.005 -0.005 0.0011021 -0.00029775 -0.00014346
0.003 -0.005 -0.005 0.0010147 -0.00026279 -0.00015276
0.003 -0.005 -0.004 0.001003 -0.00025232 -0.00011265
0.003 -0.005 -0.003 0.00098845 -0.00024198 -7.4311e-05
0.003 -0.005 -0.002 0.0009712 -0.00023174 -3.7747e-05
0.003 -0.005 -0.001 0.00095121 -0.00022161 -2.9578e-06
0.003 -0.005 0 0.00092848 -0.0002116 3.0058e-05
0.003 -0.005 0.001 0.00090302 -0.0002017 6.1299e-05
0.003 -0.005 0.002 0.00087483 -0.00019191 9.0766e-05
0.003 -0.005 0.003 0.00084389 -0.00018223 0.00011846
0.003 -0.005 0.004 0.00081023 -0.00017266 0.00014438
0.003 -0.005 0.005 0.00077382 -0.00016321 0.00016852
0.003 -0.004 0.005 0.00079061 -0.00013256 0.00017684
0.003 -0.004 0.004 0.00082898 -0.00014032 0.00015351
0.003 -0.004 0.003 0.00086447 -0.00014819 0.00012826
0.003 -0.004 0.002 0.00089707 -0.00015615 0.00010107
0.003 -0.004 0.001 0.00092677 -0.00016421 7.1946e-05
0.003 -0.004 0 0.00095359 -0.00017237 4.0894e-05
0.003 -0.004 -0.001 0.00097752 -0.00018062 7.9108e-06
0.003 -0.004 -0.002 0.00099856 -0.00018897 -2.7004e-05
0.003 -0.004 -0.003 0.0010167 -0.00019741 -6.3851e-05
0.003 -0.004 -0.004 0.001032 -0.00020596 -0.00010263
0.003 -0.004 -0.005 0.0010443 -0.0002146 -0.00014334
0.003 -0.003 -0.005 0.0010678 -0.00016572 -0.00013574
0.003 -0.003 -0.004 0.0010549 -0.00015898 -9.4538e-05
0.003 -0.003 -0.003 0.001039 -0.00015232 -5.5399e-05
0.003 -0.003 -0.002 0.0010202 -0.00014573 -1.8322e-05
0.003 -0.003 -0.001 0.0009983 -0.00013922 1.6693e-05
0.003 -0.003 0 0.00097343 -0.00013279 4.9646e-05
0.003 -0.003 0.001 0.00094555 -0.00012644 8.0536e-05
0.003 -0.003 0.002 0.00091468 -0.00012016 0.00010936
0.003 -0.003 0.003 0.0008808 -0.00011397 0.00013613
0.003 -0.003 0.004 0.00084391 -0.00010784 0.00016084
0.003 -0.003 0.005 0.00080403 -0.0001018 0.00018348
0.003 -0.002 0.005 0.00081408 -7.0933e-05 0.00018844
0.003 -0.002 0.004 0.00085502 -7.5218e-05 0.00016635
0.003 -0.002 0.003 0.00089288 -7.9555e-05 0.00014209
0.003 -0.002 0.002 0.00092766 -8.3945e-05 0.00011566
0.003 -0.002 0.001 0.00095937 -8.8388e-05 8.7069e-05
0.003 -0.002 0 0.000988 -9.2884e-05 5.6311e-05
0.003 -0.002 -0.001 0.0010136 -9.7432e-05 2.3388e-05
0.003 -0.002 -0.002 0.001036 -0.00010203 -1.17e-05
0.003 -0.002 -0.003 0.0010554 -0.00010669 -4.8955e-05
0.003 -0.002 -0.004 0.0010718 -0.00011139 -8.8375e-05
0.003 -0.002 -0.005 0.001085 -0.00011615 -0.00012996
0.003 -0.001 -0.005 0.0010962 -6.5895e-05 -0.000126
0.003 -0.001 -0.004 0.0010826 -6.3196e-05 -8.414e-05
0.003 -0.001 -0.003 0.0010659 -6.0521e-05 -4.4519e-05
0.003 -0.001 -0.002 0.0010462 -5.7868e-05 -7.1394e-06
0.003 -0.001 -0.001 0.0010233 -5.524e-05 2.7997e-05
0.003 -0.001 0 0.0009973 -5.2634e-05 6.0892e-05
0.003 -0.001 0.001 0.00096821 -5.0053e-05 9.1544e-05
0.003 -0.001 0.002 0.00093601 -4.7494e-05 0.00011995
0.003 -0.001 0.003 0.0009007 -4.4959e-05 0.00014612
0.003 -0.001 0.004 0.00086229 -4.2448e-05 0.00017005
0.003 -0.001 0.005 0.00082077 -3.996e-05 0.00019173
0.003 0 0.005 0.00082409 -8.8798e-06 0.00019334
0.003 0 0.004 0.00086574 -9.5339e-06 0.00017193
0.003 0 0.003 0.00090428 -1.0177e-05 0.00014824
0.003 0 0.002 0.00093973 -1.0811e-05 0.00012224
0.003 0 0.001 0.00097208 -1.1434e-05 9.3962e-05
0.003 0 0 0.0010013 -1.2046e-05 6.3387e-05
0.003 0 -0.001 0.0010275 -1.2648e-05 3.052e-05
0.003 0 -0.002 0.0010505 -1.324e-05 -4.639e-06
0.003 0 -0.003 0.0010705 -1.3821e-05 -4.209e-05
0.003 0 -0.004 0.0010873 -1.4392e-05 -8.1833e-05
0.003 0 -0.005 0.0011011 -1.4953e-05 -0.00012387
0.003 0.001 -0.005 0.0010999 3.6677e-05 -0.00012355
0.003 0.001 -0.004 0.001086 3.502e-05 -8.1455e-05
0.003 0.001 -0.003 0.0010691 3.3412e-05 -4.167e-05
0.003 0.001 -0.002 0.0010492 3.1853e-05 -4.1993e-06
0.003 0.001 -0.001 0.0010262 3.0342e-05 3.0956e-05
0.003 0.001 0 0.0010001 2.8881e-05 6.3797e-05
0.003 0.001 0.001 0.00097099 2.7469e-05 9.4322e-05
0.003 0.001 0.002 0.00093883 2.6105e-05 0.00012253
0.003 0.001 0.003 0.00090361 2.479e-05 0.00014843
0.003 0.001 0.004 0.00086535 2.3525e-05 0.00017201
0.003 0.001 0.005 0.00082404 2.2308e-05 0.00019328
0.003 0.002 0.005 0.00082063 5.3603e-05 0.00019153
0.003 0.002 0.004 0.00086114 5.6727e-05 0.00017027
0.003 0.002 0.003 0.0008987 5.9944e-05 0.0001467
0.003 0.002 0.002 0.00093329 6.3253e-05 0.00012082
0.003 0.002 0.001 0.00096492 6.6654e-05 9.2625e-05
0.003 0.002 0 0.00099359 7.0147e-05 6.2121e-05
0.003 0.002 -0.001 0.0010193 7.3733e-05 2.9306e-05
0.003 0.002 -0.002 0.0010421 7.741e-05 -5.8202e-06
0.003 0.002 -0.003 0.0010618 8.118e-05 -4.3257e-05
0.003 0.002 -0.004 0.0010787 8.5042e-05 -8.3004e-05
0.003 0.002 -0.005 0.0010925 8.8996e-05 -0.00012506
0.003 0.003 -0.005 0.001079 0.000142 -0.00012839
0.003 0.003 -0.004 0.0010652 0.00013567 -8.6482e-05
0.003 0.003 -0.003 0.0010486 0.00012948 -4.6852e-05
0.003 0.003 -0.002 0.0010292 0.00012343 -9.5018e-06
0.003 0.003 -0.001 0.0010069 0.00011752 2.5569e-05
0.003 0.003 0 0.00098182 0.00011175 5.8359e-05
0.003 0.003 0.001 0.00095389 0.00010612 8.887e-05
0.003 0.003 0.002 0.00092312 0.00010063 0.0001171
0.003 0.003 0.003 0.00088953 9.5284e-05 0.00014305
0.003 0.003 0.004 0.0008531 9.0074e-05 0.00016672
0.003 0.003 0.005 0.00081385 8.5005e-05 0.00018812
0.003 0.004 0.005 0.0008037 0.00011651 0.00018302
0.003 0.004 0.004 0.00084124 0.00012357 0.00016136
0.003 0.004 0.003 0.00087611 0.00013081 0.00013748
0.003 0.004 0.002 0.00090833 0.00013825 0.00011138
0.003 0.004 0.001 0.00093788 0.00014587 8.3058e-05
0.003 0.004 0 0.00096478 0.0001537 5.2513e-05
0.003 0.004 -0.001 0.00098901 0.00016171 1.9745e-05
0.003 0.004 -0.002 0.0010106 0.00016992 -1.5244e-05
0.003 0.004 -0.003 0.0010295 0.00017832 -5.2455e-05
0.003 0.004 -0.004 0.0010458 0.00018691 -9.1888e-05
0.003 0.004 -0.005 0.0010593 0.0001957 -0.00013354
0.003 0.005 -0.005 0.0010335 0.00025008 -0.00014052
0.003 0.005 -0.004 0.0010202 0.00023876 -9.9223e-05
0.003 0.005 -0.003 0.0010044 0.00022769 -6.0066e-05
0.003 0.005 -0.002 0.00098623 0.00021687 -2.3047e-05
0.003 0.005 -0.001 0.00096557 0.0002063 1.1835e-05
0.003 0.005 0 0.00094247 0.00019598 4.4581e-05
0.003 0.005 0.001 0.00091691 0.00018591 7.5189e-05
0.003 0.005 0.002 0.0008889 0.00017609 0.00010366
0.003 0.005 0.003 0.00085845 0.00016652 0.00012999
0.003 0.005 0.004 0.00082554 0.0001572 0.00015419
0.003 0.005 0.005 0.00079018 0.00014813 0.00017625
0.004 0.005 0.005 0.00074079 0.00013462 0.00015175
0.004 0.005 0.004 0.00077187 0.00014121 0.00013047
0.004 0.005 0.003 0.0008009 0.00014839 0.0001073
0.004 0.005 0.002 0.00082786 0.00015616 8.226e-05
0.004 0.005 0.001 0.00085276 0.00016453 5.5335e-05
0.004 0.005 0 0.00087561 0.00017349 2.6529e-05
0.004 0.005 -0.001 0.00089639 0.00018305 -4.157e-06
0.004 0.005 -0.002 0.00091511 0.0001932 -3.6724e-05
0.004 0.005 -0.003 0.00093176 0.00020394 -7.1172e-05
0.004 0.005 -0.004 0.00094636 0.00021528 -0.0001075
0.004 0.005 -0.005 0.0009589 0.00022721 -0.00014571
0.004 0.004 -0.005 0.00098212 0.00017783 -0.00013926
0.004 0.004 -0.004 0.00096941 0.00016844 -0.00010079
0.004 0.004 -0.003 0.00095443 0.00015956 -6.4295e-05
0.004 0.004 -0.002 0.00093719 0.00015118 -2.9765e-05
0.004 0.004 -0.001 0.00091768 0.00014332 2.7964e-06
0.004 0.004 0 0.00089592 0.00013597 3.339e-05
0.004 0.004 0.001 0.00087189 0.00012913 6.2014e-05
0.004 0.004 0.002 0.00084559 0.00012279 8.867e-05
0.004 0.004 0.003 0.00081704 0.00011697 0.00011336
0.004 0.004 0.004 0.00078622 0.00011166 0.00013608
0.004 0.004 0.005 0.00075314 0.00010685 0.00015683
0.004 0.003 0.005 0.0007624 7.8928e-05 0.00016062
0.004 0.003 0.004 0.00079707 8.2067e-05 0.00014023
0.004 0.003 0.003 0.00082931 8.5625e-05 0.00011781
0.004 0.003 0.002 0.00085913 8.9601e-05 9.3361e-05
0.004 0.003 0.001 0.00088652 9.3994e-05 6.6887e-05
0.004 0.003 0 0.00091147 9.8805e-05 3.8384e-05
0.004 0.003 -0.001 0.000934 0.00010403 7.8537e-06
0.004 0.003 -0.002 0.0009541 0.00010968 -2.4705e-05
0.004 0.003 -0.003 0.00097177 0.00011574 -5.9291e-05
0.004 0.003 -0.004 0.00098701 0.00012223 -9.5905e-05
0.004 0.003 -0.005 0.00099982 0.00012913 -0.00013455
0.004 0.002 -0.005 0.001012 8.1101e-05 -0.00013157
0.004 0.002 -0.004 0.00099917 7.6645e-05 -9.2835e-05
0.004 0.002 -0.003 0.00098379 7.2508e-05 -5.6159e-05
0.004 0.002 -0.002 0.00096584 6.8688e-05 -2.1543e-05
0.004 0.002 -0.001 0.00094534 6.5186e-05 1.1015e-05
0.004 0.002 0 0.00092227 6.2001e-05 4.1513e-05
0.004 0.002 0.001 0.00089665 5.9134e-05 6.9952e-05
0.004 0.002 0.002 0.00086847 5.6585e-05 9.6332e-05
0.004 0.002 0.003 0.00083773 5.4354e-05 0.00012065
0.004 0.002 0.004 0.00080442 5.2441e-05 0.00014292
0.004 0.002 0.005 0.00076856 5.0845e-05 0.00016312
0.004 0.001 0.005 0.00077164 2.2603e-05 0.00016433
0.004 0.001 0.004 0.00080828 2.2775e-05 0.00014415
0.004 0.001 0.003 0.00084227 2.3157e-05 0.0001219
0.004 0.001 0.002 0.00087361 2.3747e-05 9.7584e-05
0.004 0.001 0.001 0.00090229 2.4548e-05 7.1211e-05
0.004 0.001 0 0.00092832 2.5558e-05 4.2776e-05
0.004 0.001 -0.001 0.0009517 2.6777e-05 1.228e-05
0.004 0.001 -0.002 0.00097242 2.8206e-05 -2.0279e-05
0.004 0.001 -0.003 0.00099048 2.9845e-05 -5.4899e-05
0.004 0.001 -0.004 0.0010059 3.1693e-05 -9.1581e-05
0.004 0.001 -0.005 0.0010186 3.3751e-05 -0.00013033
0.004 0 -0.005 0.0010198 -1.2923e-05 -0.00013082
0.004 0 -0.004 0.0010072 -1.2629e-05 -9.2146e-05
0.004 0 -0.003 0.00099185 -1.2243e-05 -5.5512e-05
0.004 0 -0.002 0.00097382 -1.1763e-05 -2.0914e-05
0.004 0 -0.001 0.00095307 -1.1191e-05 1.1648e-05
0.004 0 0 0.00092961 -1.0525e-05 4.2174e-05
0.004 0 0.001 0.00090344 -9.7655e-06 7.0663e-05
0.004 0 0.002 0.00087456 -8.9132e-06 9.7117e-05
0.004 0 0.003 0.00084296 -7.9677e-06 0.00012153
0.004 0 0.004 0.00080865 -6.9291e-06 0.00014391
0.004 0 0.005 0.00077162 -5.7972e-06 0.00016426
0.004 -0.001 0.005 0.00076851 -3.4356e-05 0.0001629
0.004 -0.001 0.004 0.00080551 -3.6672e-05 0.00014222
0.004 -0.001 0.003 0.00083978 -3.9019e-05 0.00011957
0.004 -0.001 0.002 0.00087131 -4.1397e-05 9.493e-05
0.004 -0.001 0.001 0.0009001 -4.3806e-05 6.8309e-05
0.004 -0.001 0 0.00092615 -4.6247e-05 3.9706e-05
0.004 -0.001 -0.001 0.00094947 -4.8718e-05 9.1208e-06
0.004 -0.001 -0.002 0.00097005 -5.1222e-05 -2.3447e-05
0.004 -0.001 -0.003 0.0009879 -5.3756e-05 -5.7996e-05
0.004 -0.001 -0.004 0.001003 -5.6322e-05 -9.4528e-05
0.004 -0.001 -0.005 0.0010154 -5.8919e-05 -0.00013304
0.004 -0.002 -0.005 0.0010055 -0.00010424 -0.000137
0.004 -0.002 -0.004 0.00099341 -9.9385e-05 -9.8728e-05
0.004 -0.002 -0.003 0.00097862 -9.4695e-05 -6.2353e-05
0.004 -0.002 -0.002 0.00096112 -9.0169e-05 -2.7878e-05
0.004 -0.002 -0.001 0.00094089 -8.5806e-05 4.6971e-06
0.004 -0.002 0 0.00091794 -8.1608e-05 3.5372e-05
0.004 -0.002 0.001 0.00089226 -7.7573e-05 6.4148e-05
0.004 -0.002 0.002 0.00086386 -7.3703e-05 9.1023e-05
0.004 -0.002 0.003 0.00083273 -6.9996e-05 0.000116
0.004 -0.002 0.004 0.00079888 -6.6453e-05 0.00013907
0.004 -0.002 0.005 0.00076231 -6.3074e-05 0.00016025
0.004 -0.003 0.005 0.00075302 -9.1951e-05 0.00015632
0.004 -0.003 0.004 0.00078876 -9.6273e-05 0.00013447
0.004 -0.003 0.003 0.00082182 -0.0001009 0.00011083
0.004 -0.003 0.002 0.00085221 -0.00010583 8.5397e-05
0.004 -0.003 0.001 0.00087993 -0.00011107 5.818e-05
0.004 -0.003 0 0.00090496 -0.00011661 2.9173e-05
0.004 -0.003 -0.001 0.00092733 -0.00012245 -1.6228e-06
0.004 -0.003 -0.002 0.00094701 -0.0001286 -3.4208e-05
0.004 -0.003 -0.003 0.00096403 -0.00013506 -6.8582e-05
0.004 -0.003 -0.004 0.00097836 -0.00014182 -0.00010475
0.004 -0.003 -0.005 0.00099002 -0.00014888 -0.0001427
0.004 -0.004 -0.005 0.00096906 -0.00019285 -0.00015013
0.004 -0.004 -0.004 0.00095788 -0.00018362 -0.00011258
0.004 -0.004 -0.003 0.0009441 -0.00017485 -7.6683e-05
0.004 -0.004 -0.002 0.00092774 -0.00016653 -4.2436e-05
0.004 -0.004 -0.001 0.00090878 -0.00015866 -9.8388e-06
0.004 -0.004 0 0.00088724 -0.00015125 2.1108e-05
0.004 -0.004 0.001 0.0008631 -0.00014429 5.0405e-05
0.004 -0.004 0.002 0.00083637 -0.00013778 7.8052e-05
0.004 -0.004 0.003 0.00080705 -0.00013173 0.00010405
0.004 -0.004 0.004 0.00077514 -0.00012613 0.0001284
0.004 -0.004 0.005 0.00074063 -0.00012099 0.00015109
0.004 -0.005 0.005 0.00072516 -0.00015018 0.00014458
0.004 -0.005 0.004 0.00075802 -0.00015603 0.00012087
0.004 -0.005 0.003 0.00078841 -0.00016249 9.5668e-05
0.004 -0.005 0.002 0.00081633 -0.00016956 6.8987e-05
0.004 -0.005 0.001 0.00084178 -0.00017724 4.0824e-05
0.004 -0.005 0 0.00086476 -0.00018553 1.1178e-05
0.004 -0.005 -0.001 0.00088526 -0.00019443 -1.9951e-05
0.004 -0.005 -0.002 0.0009033 -0.00020394 -5.2562e-05
0.004 -0.005 -0.003 0.00091886 -0.00021406 -8.6657e-05
0.004 -0.005 -0.004 0.00093195 -0.0002248 -0.00012223
0.004 -0.005 -0.005 0.00094257 -0.00023614 -0.00015929
0.005 -0.005 -0.005 0.00088558 -0.00021781 -0.00016305
0.005 -0.005 -0.004 0.0008749 -0.00020438 -0.00012789
0.005 -0.005 -0.003 0.00086201 -0.00019221 -9.408e-05
0.005 -0.005 -0.002 0.00084691 -0.0001813 -6.1609e-05
0.005 -0.005 -0.001 0.0008296 -0.00017165 -3.0482e-05
0.005 -0.005 0 0.00081008 -0.00016325 -6.9938e-07
0.005 -0.005 0.001 0.00078834 -0.00015611 2.7739e-05
0.005 -0.005 0.002 0.00076439 -0.00015023 5.4834e-05
0.005 -0.005 0.003 0.00073823 -0.00014561 8.0585e-05
0.005 -0.005 0.004 0.00070986 -0.00014224 0.00010499
0.005 -0.005 0.005 0.00067928 -0.00014014 0.00012806
0.005 -0.004 0.005 0.00069368 -0.00011164 0.00013306
0.005 -0.004 0.004 0.00072553 -0.00011413 0.00011132
0.005 -0.004 0.003 0.00075513 -0.00011755 8.804e-05
0.005 -0.004 0.002 0.00078247 -0.00012188 6.3233e-05
0.005 -0.004 0.001 0.00080754 -0.00012713 3.6895e-05
0.005 -0.004 0 0.00083036 -0.0001333 9.0274e-06
0.005 -0.004 -0.001 0.00085092 -0.00014038 -2.0371e-05
0.005 -0.004 -0.002 0.00086922 -0.00014839 -5.13e-05
0.005 -0.004 -0.003 0.00088526 -0.00015731 -8.376e-05
0.005 -0.004 -0.004 0.00089904 -0.00016715 -0.00011775
0.005 -0.004 -0.005 0.00091056 -0.0001779 -0.00015327
0.005 -0.003 -0.005 0.00093034 -0.00013731 -0.00014531
0.005 -0.003 -0.004 0.00091811 -0.00012923 -0.00010948
0.005 -0.003 -0.003 0.00090358 -0.00012175 -7.5335e-05
0.005 -0.003 -0.002 0.00088678 -0.00011488 -4.2879e-05
0.005 -0.003 -0.001 0.00086769 -0.00010861 -1.2108e-05
0.005 -0.003 0 0.00084632 -0.00010294 1.6977e-05
0.005 -0.003 0.001 0.00082267 -9.7868e-05 4.4376e-05
0.005 -0.003 0.002 0.00079673 -9.3403e-05 7.009e-05
0.005 -0.003 0.003 0.0007685 -8.9539e-05 9.4117e-05
0.005 -0.003 0.004 0.000738 -8.6278e-05 0.00011646
0.005 -0.003 0.005 0.00070521 -8.3619e-05 0.00013712
0.005 -0.002 0.005 0.00071387 -5.6083e-05 0.00014022
0.005 -0.002 0.004 0.00074726 -5.8679e-05 0.00012042
0.005 -0.002 0.003 0.00077836 -6.1585e-05 9.8818e-05
0.005 -0.002 0.002 0.00080717 -6.4803e-05 7.5405e-05
0.005 -0.002 0.001 0.00083371 -6.8332e-05 5.0182e-05
0.005 -0.002 0 0.00085795 -7.2171e-05 2.315e-05
0.005 -0.002 -0.001 0.00087991 -7.6322e-05 -5.6921e-06
0.005 -0.002 -0.002 0.00089959 -8.0784e-05 -3.6344e-05
0.005 -0.002 -0.003 0.00091698 -8.5557e-05 -6.8805e-05
0.005 -0.002 -0.004 0.00093209 -9.0641e-05 -0.00010308
0.005 -0.002 -0.005 0.00094491 -9.6035e-05 -0.00013916
0.005 -0.001 -0.005 0.00095427 -5.4075e-05 -0.00013482
0.005 -0.001 -0.004 0.000941 -5.1372e-05 -9.8544e-05
0.005 -0.001 -0.003 0.00092546 -4.8714e-05 -6.4169e-05
0.005 -0.001 -0.002 0.00090765 -4.6099e-05 -3.1695e-05
0.005 -0.001 -0.001 0.00088759 -4.3528e-05 -1.1241e-06
0.005 -0.001 0 0.00086526 -4.1002e-05 2.7545e-05
0.005 -0.001 0.001 0.00084067 -3.8519e-05 5.4313e-05
0.005 -0.001 0.002 0.00081381 -3.6081e-05 7.9179e-05
0.005 -0.001 0.003 0.00078469 -3.3687e-05 0.00010214
0.005 -0.001 0.004 0.00075331 -3.1336e-05 0.0001232
0.005 -0.001 0.005 0.00071966 -2.903e-05 0.00014236
0.005 0 0.005 0.00072258 -2.4602e-06 0.00014356
0.005 0 0.004 0.00075615 -4.2505e-06 0.00012481
0.005 0 0.003 0.0007875 -5.8423e-06 0.00010409
0.005 0 0.002 0.00081663 -7.2356e-06 8.1411e-05
0.005 0 0.001 0.00084354 -8.4305e-06 5.6769e-05
0.005 0 0 0.00086824 -9.4268e-06 3.0164e-05
0.005 0 -0.001 0.00089071 -1.0225e-05 1.5963e-06
0.005 0 -0.002 0.00091097 -1.0824e-05 -2.8934e-05
0.005 0 -0.003 0.000929 -1.1225e-05 -6.1427e-05
0.005 0 -0.004 0.00094482 -1.1427e-05 -9.5883e-05
0.005 0 -0.005 0.00095842 -1.1431e-05 -0.0001323
0.005 0.001 -0.005 0.00095736 3.1897e-05 -0.0001316
0.005 0.001 -0.004 0.00094357 2.9195e-05 -9.5093e-05
0.005 0.001 -0.003 0.00092763 2.6909e-05 -6.058e-05
0.005 0.001 -0.002 0.00090953 2.504e-05 -2.8059e-05
0.005 0.001 -0.001 0.00088928 2.3588e-05 2.4691e-06
0.005 0.001 0 0.00086689 2.2553e-05 3.1005e-05
0.005 0.001 0.001 0.00084234 2.1934e-05 5.7549e-05
0.005 0.001 0.002 0.00081564 2.1732e-05 8.2101e-05
0.005 0.001 0.003 0.00078679 2.1947e-05 0.00010466
0.005 0.001 0.004 0.00075578 2.2579e-05 0.00012523
0.005 0.001 0.005 0.00072263 2.3627e-05 0.0001438
0.005 0.002 0.005 0.00071981 4.9232e-05 0.00014309
0.005 0.002 0.004 0.00075221 4.9152e-05 0.00012447
0.005 0.002 0.003 0.00078255 4.9682e-05 0.00010386
0.005 0.002 0.002 0.00081083 5.0823e-05 8.125e-05
0.005 0.002 0.001 0.00083705 5.2575e-05 5.6655e-05
0.005 0.002 0 0.00086121 5.4937e-05 3.007e-05
0.005 0.002 -0.001 0.00088331 5.791e-05 1.4942e-06
0.005 0.002 -0.002 0.00090335 6.1494e-05 -2.9072e-05
0.005 0.002 -0.003 0.00092132 6.5689e-05 -6.1628e-05
0.005 0.002 -0.004 0.00093724 7.0494e-05 -9.6174e-05
0.005 0.002 -0.005 0.0009511 7.5909e-05 -0.00013271
0.005 0.003 -0.005 0.00093962 0.00012061 -0.00013564
0.005 0.003 -0.004 0.00092583 0.00011247 -9.9125e-05
0.005 0.003 -0.003 0.0009101 0.00010511 -6.457e-05
0.005 0.003 -0.002 0.00089241 9.8538e-05 -3.1971e-05
0.005 0.003 -0.001 0.00087278 9.2742e-05 -1.3284e-06
0.005 0.003 0 0.00085121 8.7727e-05 2.7357e-05
0.005 0.003 0.001 0.00082768 8.3492e-05 5.4086e-05
0.005 0.003 0.002 0.00080221 8.0037e-05 7.8858e-05
0.005 0.003 0.003 0.0007748 7.7362e-05 0.00010167
0.005 0.003 0.004 0.00074544 7.5468e-05 0.00012253
0.005 0.003 0.005 0.00071413 7.4354e-05 0.00014143
0.005 0.004 0.005 0.00070557 9.8994e-05 0.00013882
0.005 0.004 0.004 0.00073545 0.00010153 0.00011941
0.005 0.004 0.003 0.00076352 0.00010499 9.8114e-05
0.005 0.004 0.002 0.00078978 0.00010937 7.4923e-05
0.005 0.004 0.001 0.00081423 0.00011468 4.9841e-05
0.005 0.004 0 0.00083688 0.00012092 2.2867e-05
0.005 0.004 -0.001 0.00085771 0.00012808 -5.9986e-06
0.005 0.004 -0.002 0.00087673 0.00013617 -3.6756e-05
0.005 0.004 -0.003 0.00089394 0.00014518 -6.9406e-05
0.005 0.004 -0.004 0.00090935 0.00015512 -0.00010395
0.005 0.004 -0.005 0.00092294 0.00016599 -0.00014038
0.005 0.005 -0.005 0.00090105 0.00021205 -0.00014694
0.005 0.005 -0.004 0.00088778 0.00019845 -0.00011064
0.005 0.005 -0.003 0.00087287 0.0001859 -7.6137e-05
0.005 0.005 -0.002 0.0008563 0.00017439 -4.3429e-05
0.005 0.005 -0.001 0.00083808 0.00016393 -1.2516e-05
0.005 0.005 0 0.00081822 0.00015452 1.66e-05
0.005 0.005 0.001 0.0007967 0.00014615 4.3922e-05
0.005 0.005 0.002 0.00077354 0.00013883 6.9448e-05
0.005 0.005 0.003 0.00074872 0.00013256 9.3178e-05
0.005 0.005 0.004 0.00072226 0.00012733 0.00011511
0.005 0.005 0.005 0.00069414 0.00012315 0.00013525
